[0,42.15099619463289,-86.44287049770355,60,61]
[1,42.150916901830286,-86.4430559054017,62,2,3]
[2,42.150874645437206,-86.44309915602207,1]
[3,42.150901739245434,-86.44299354404211,58,1]
[4,42.150850285856656,-86.44303109496832,5,66]
[5,42.150820457786025,-86.44298851490021,4,63,64,128]
[6,42.150844071676424,-86.44293151795864,66,63]
[7,42.150831643314156,-86.4429010078311,68,9,11]
[8,42.15078342124543,-86.44288625568151,68,12]
[9,42.1508050466107,-86.44284199923277,68,11,7]
[10,42.150831643314156,-86.44274946302176,69]
[11,42.15078640405487,-86.44280344247818,68,9,7]
[12,42.15074986462955,-86.4428285881877,8,93]
[13,42.150872905467494,-86.44273940473795,72]
[14,42.150900247843445,-86.44270956516266,15]
[15,42.15094300135307,-86.44267804920673,14,73]
[16,42.1509698465653,-86.44266061484814,17,74]
[17,42.15100986579571,-86.4426314458251,16]
[18,42.150912427625286,-86.4424068108201,19]
[19,42.150863957050994,-86.44243933260441,18,80]
[20,42.15084034316799,-86.44246313720942,21,79]
[21,42.15079286680817,-86.44249700009823,20]
[22,42.15087887107781,-86.44264049828053,75]
[23,42.1508659455881,-86.4426089823246,76]
[24,42.150849043020635,-86.44257377833128,77]
[25,42.15083959746629,-86.44254092127085,78]
[26,42.15083959746629,-86.44266329705715,72]
[27,42.150817226410865,-86.4425965771079,83]
[28,42.15079758958903,-86.4426589384675,84]
[29,42.15081250363147,-86.44269045442343,71]
[30,42.15077422424878,-86.44269783049822,70]
[31,42.15075806735951,-86.44259959459305,83,82,85,86]
[32,42.15075433884602,-86.44273370504379,94]
[33,42.15073321059877,-86.44271090626717,91]
[34,42.15071929080846,-86.44267603754997,90]
[35,42.150707856692726,-86.44264217466116,89]
[36,42.150716059428134,-86.44285775721073,37,95]
[37,42.15066957724675,-86.44289463758469,36]
[38,42.150649194675154,-86.44284300506115,98]
[39,42.15058208128328,-86.44267033785582,101]
[40,42.15053733898249,-86.44269179552794,103]
[41,42.15063154634566,-86.44291307777166,100]
[42,42.150557970158424,-86.44285272806883,107]
[43,42.15054405032962,-86.44281215965748,104]
[44,42.15051720493681,-86.44284434616566,105,109]
[45,42.150491850944256,-86.44284099340439,112]
[46,42.15046301697961,-86.44286178052425,113,114]
[47,42.15047072260938,-86.44294627010822,115]
[48,42.150453074230136,-86.44295867532492,116]
[49,42.150437165827704,-86.44297040998936,117]
[50,42.150416534612376,-86.44299656152725,119]
[51,42.15040261475245,-86.44296269863844,120]
[52,42.15038869488948,-86.44292749464512,121]
[53,42.15037477502342,-86.4428973197937,122]
[54,42.150416534612376,-86.44286680966616,125]
[55,42.15044064579108,-86.44292749464512,114]
[56,42.150329535437606,-86.4431481063366,126]
[57,42.15023731618181,-86.44292414188385,127]
[58,42.15094175851891,-86.44294861704111,61,3,62,128,59]
[59,42.150917647531095,-86.44288323819637,60,58,62,64,128,65]
[60,42.15094921552358,-86.44286178052425,0,59]
[61,42.15097630929988,-86.44292581826448,0,58]
[62,42.150968603731656,-86.44301265478134,58,1,128,59]
[63,42.15085202582701,-86.44295867532492,66,6,5,64,128]
[64,42.150876136839805,-86.44293989986181,5,63,128,65,59,67,69]
[65,42.15086942552789,-86.44292112439871,64,128,59,67,69]
[66,42.1508684312594,-86.44300024956465,4,63,6]
[67,42.15083835463007,-86.44285675138235,64,65,68,69]
[68,42.150816729276194,-86.44287183880806,67,7,8,9,11]
[69,42.150802312369514,-86.44277058541775,64,65,67,10,70]
[70,42.15079286680817,-86.44274409860373,69,74,73,72,71,30,93,94]
[71,42.1508229434591,-86.4427162706852,74,73,72,29,70,94,93]
[72,42.1508537657973,-86.4426938071847,74,73,13,26,71,70,94,93]
[73,42.150925104538615,-86.44263848662376,74,15,72,71,70,94,93,75,76,77,78,79]
[74,42.1509551811267,-86.44261937588453,16,73,72,71,70,94,93]
[75,42.15091590756253,-86.44261702895164,73,22,76,77,78,79]
[76,42.1509029820804,-86.4425828307867,73,75,23,77,78,79]
[77,42.150887073791054,-86.4425503090024,73,75,76,24,78,79]
[78,42.150871165497705,-86.44251476973295,73,75,76,77,79,25]
[79,42.150857245737775,-86.44249398261309,73,75,76,77,78,20,80,81,87]
[80,42.15088036248028,-86.44247453659773,19,79,81,87]
[81,42.150775218518746,-86.44255802035332,80,79,82,87,84]
[82,42.15078540978508,-86.44257947802544,81,84,83,31,85,86]
[83,42.15080305807165,-86.44256841391325,27,82,31,85,86]
[84,42.15080778085176,-86.44263714551926,81,28,82]
[85,42.15074688181838,-86.44260864704847,83,82,31,86,87]
[86,42.15073395630172,-86.44261971116066,83,82,31,85]
[87,42.15073768481641,-86.44258853048086,80,79,81,85,88]
[88,42.15067355433311,-86.44263580441475,87,89,90,91,92,93]
[89,42.15068275134439,-86.44266195595264,88,35,90,91,92,93,101,102,104]
[90,42.15069716827832,-86.44269213080406,88,89,34,91,92,93]
[91,42.15070909953149,-86.44272867590189,88,89,90,33,92,93]
[92,42.15072103078243,-86.44275818020105,88,89,90,91,93,95,96,97,98,99]
[93,42.15073395630172,-86.4427813142538,74,73,72,71,70,94,12,88,89,90,91,92,95,96]
[94,42.150769501466186,-86.44276220351458,74,73,72,71,70,32,93,95]
[95,42.15070039965961,-86.44281148910522,94,36,92,93,96]
[96,42.15068349704795,-86.44279539585114,92,93,95,97,98,99]
[97,42.150650934651026,-86.44281417131424,92,96,98,99,101]
[98,42.1506360205705,-86.44282657653093,92,96,97,38,99,107]
[99,42.150618123669226,-86.44284434616566,92,96,97,98,100,102,107]
[100,42.150632292049835,-86.44287921488285,41,99]
[101,42.15061066662555,-86.44271526485682,89,97,39,102,104]
[102,42.15057213855249,-86.44273806363344,89,101,103,99,104]
[103,42.150559213000136,-86.44270621240139,40,102]
[104,42.150540321803504,-86.44276790320873,89,101,102,43,105]
[105,42.15049483376744,-86.44278567284346,104,44,106,109]
[106,42.15047892537552,-86.44278433173895,127,105,124,123]
[107,42.150567415754836,-86.44288156181574,98,99,42,108,109,110]
[108,42.15057586707672,-86.44290771335363,107,115,116,117,118]
[109,42.15054106750875,-86.44290000200272,105,44,107,110]
[110,42.15050925074414,-86.44292380660772,107,109,111]
[111,42.15049905943336,-86.4429097250104,110,112,113]
[112,42.15051297927209,-86.44289866089821,111,45,113]
[113,42.150487625277854,-86.4429160952568,111,112,46,114]
[114,42.15047842823821,-86.4429023489356,46,113,55]
[115,42.150486382434714,-86.4429784566164,126,108,47,116,117,118]
[116,42.15046674551027,-86.44299253821373,126,108,115,48,117,118]
[117,42.150451831386334,-86.44300494343042,126,108,115,116,49,118]
[118,42.150407088993475,-86.44303746521473,126,108,115,116,117,119,120,121,122,123]
[119,42.150394411976414,-86.4430096372962,118,50,120,121,122,123]
[120,42.1503839720781,-86.44297678023577,118,119,51,121,122,123]
[121,42.150369057934704,-86.44294157624245,118,119,120,52,122,123]
[122,42.15035414378776,-86.44291006028652,118,119,120,121,53,123]
[123,42.15034395245199,-86.44288659095764,127,106,124,118,119,120,121,122]
[124,42.1503904348725,-86.4428510516882,127,106,125,123]
[125,42.150401620476636,-86.4428735151887,54,124]
[126,42.15031337843485,-86.44311022013426,56,127,118,117,116,115]
[127,42.15025223035628,-86.44296035170555,57,126,123,124,106]
[128,42.150925850239304,-86.44290436059237,58,62,5,63,64,59,65]