[0,42.150369057934704,-86.44311893731356,84]
[1,42.150453819936395,-86.44305422902107,82]
[2,42.15050949931268,-86.44301164895296,82]
[3,42.1505589644318,-86.44297409802675,77]
[4,42.150606192398904,-86.4429335296154,76]
[5,42.150666097295954,-86.44290570169687,75]
[6,42.15069418546468,-86.44287452101707,74]
[7,42.15071978794389,-86.44284300506115,72]
[8,42.150799080993416,-86.44278567284346,68,73,65,72]
[9,42.15083114617962,-86.44276488572359,64]
[10,42.15082642340128,-86.44268341362476,63]
[11,42.150804052341186,-86.44269850105047,64]
[12,42.15077447281628,-86.44269850105047,67]
[13,42.150799080993416,-86.44265323877335,43]
[14,42.15066535159219,-86.44258752465248,71]
[15,42.15067902282647,-86.44276555627584,110]
[16,42.150666097295954,-86.44269783049822,100,104,69]
[17,42.15066535159219,-86.44265592098236,104,
[18,42.15063577200247,-86.44262038171291,109]
[19,42.15060967235299,-86.44263982772827,105]
[20,42.15057611564498,-86.44266463816166,106]
[21,42.15063850625082,-86.44268374890089,105]
[22,42.15061041805739,-86.44277326762676,101]
[23,42.150585561238664,-86.44279036670923,102]
[24,42.15056418436674,-86.44280645996332,103]
[25,42.15051894491632,-86.44280813634396,99,112]
[26,42.15049408806166,-86.44294559955597,79]
[27,42.15050949931268,-86.44291710108519,78,97,98,99]
[28,42.15049582804181,-86.44285339862108,98]
[29,42.15046873405985,-86.44287619739771,97]
[30,42.15045232852385,-86.44295733422041,81]
[31,42.150427471643034,-86.44297242164612,85]
[32,42.15043567441478,-86.4429110661149,107]
[33,42.15041554033679,-86.4428661391139,88]
[34,42.150390932010495,-86.44283059984446,89,90,92]
[35,42.15033922963728,-86.44288223236799,93,89]
[36,42.1503899377345,-86.44299320876598,111]
[37,42.15047121974674,-86.44294559955597,80]
[38,42.150841337436944,-86.44266095012426,62]
[39,42.15085351723011,-86.44274476915598,63]
[40,42.15088533382167,-86.44272331148386,61]
[41,42.150922370302624,-86.44272197037935,60]
[42,42.15090969338876,-86.4426951482892,59]
[43,42.15082841193956,-86.44263178110123,13,55]
[44,42.15082120348796,-86.4426002651453,54]
[45,42.150795103914945,-86.44262071698904,51]
[46,42.150740916195645,-86.44270587712526,70]
[47,42.15074787608877,-86.44262909889221,70]
[48,42.15069741684612,-86.44260965287685,71]
[49,42.15072451073017,-86.44256472587585,50]
[50,42.150763287278046,-86.44253924489021,49,51,52,53]
[51,42.150782178408136,-86.44258551299572,45,50,52,53]
[52,42.15083015191052,-86.44255466759205,56,55,51,50,53,54]
[53,42.15085550576755,-86.44253421574831,51,50,52,57]
[54,42.150842828840304,-86.44258417189121,56,55,44,52]
[55,42.150854511498856,-86.44261837005615,56,43,54,52]
[56,42.150882848151014,-86.44268039613962,64,63,62,61,55,54,52,57,58]
[57,42.15090795341999,-86.44265860319138,64,63,62,61,56,53,58]
[58,42.150925104538615,-86.4426502212882,64,63,62,61,56,57,59,60]
[59,42.15093604148139,-86.44267469644547,58,42,60]
[60,42.15094598415499,-86.44270185381174,58,41,59]
[61,42.150868928393656,-86.44268911331892,40,64,63,62,56,57,58]
[62,42.15085575433472,-86.44269850105047,38,64,63,61,56,57,58]
[63,42.150839846033506,-86.44270788878202,39,10,64,62,61,56,57,58]
[64,42.15081573500689,-86.44272532314062,73,65,11,9,63,62,61,56,57,58]
[65,42.15077223570879,-86.44276086241007,66,68,73,8,72,64]
[66,42.1507608016026,-86.4427350461483,67,68,65,73,72]
[67,42.150783172677976,-86.44271794706583,12,66]
[68,42.15073395630172,-86.44275918602943,110,71,69,66,73,65,8,72]
[69,42.15069940538848,-86.44268173724413,16,71,70,68]
[70,42.15072625070398,-86.44266832619905,47,46,69]
[71,42.150676537147724,-86.44262675195932,14,48,69,68]
[72,42.150744644709924,-86.44281852990389,7,66,68,73,8,65]
[73,42.150737933384065,-86.4427900314331,80,79,78,77,76,75,74,66,68,72,65,64,8]
[74,42.15067753141924,-86.44283663481474,6,80,79,78,77,76,75,73]
[75,42.150646211859225,-86.4428560808301,5,96,84,83,81,80,79,78,77,76,74,73]
[76,42.15059699537651,-86.44289497286081,4,96,84,83,81,80,79,78,77,75,74,73]
[77,42.15054529317159,-86.44293420016766,3,96,84,83,81,80,79,78,76,75,74,73]
[78,42.15051894491632,-86.44295666366816,96,84,83,81,80,79,27,77,76,75,74,73]
[79,42.15050154511908,-86.44296739250422,96,84,83,26,81,80,78,77,76,75,74,73]
[80,42.15048315104251,-86.44298147410154,96,84,83,37,81,79,78,77,76,75,74,73]
[81,42.15046525409803,-86.44298851490021,82,96,84,83,30,80,79,78,77,76,75]
[82,42.15048190819932,-86.44303478300571,1,2,81]
[83,42.150426974505315,-86.44302304834127,96,84,81,80,79,78,77,76,75,85,86,87,88,89]
[84,42.150349669542976,-86.44308138638735,0,96,83,81,80,79,78,77,76,75]
[85,42.15041330321661,-86.44298315048218,83,31,86,87,88,89]
[86,42.15040460330407,-86.44295398145914,83,111,107,85,87,88,89]
[87,42.15038770061343,-86.44291877746582,83,85,86,108,88,89]
[88,42.150377260714,-86.44289162009954,83,33,85,86,87,89]
[89,42.150362346569,-86.44286680966616,93,35,83,85,86,87,88,34]
[90,42.150433934432975,-86.44279841333628,34]
[91,42.150405846148786,-86.44278634339571,92]
[92,42.150385214923226,-86.44280143082142,34,91]
[93,42.150320089805724,-86.44289832562208,94,35,89]
[94,42.15032332120626,-86.44298315048218,95,93,108]
[95,42.1502800701392,-86.44302070140839,94,96]
[96,42.15031387557346,-86.443109549582,95,84,83,81,80,79,78,77,76,75]
[97,42.15049110523845,-86.44292011857033,27,29,98,99]
[98,42.15051819921082,-86.44290402531624,27,97,28,99]
[99,42.15054703315033,-86.44289094954729,27,97,98,25,112]
[100,42.1506230950312,-86.44272699952126,103,102,101,16]
[101,42.15059923249018,-86.44274108111858,22,103,102,100]
[102,42.15057611564498,-86.44275918602943,23,103,101,100]
[103,42.150552253086246,-86.44277863204479,24,102,101,100]
[104,42.15065118321901,-86.44266363233328,109,17,16]
[105,42.1506312977776,-86.44266463816166,19,21,106,109]
[106,42.15059227258069,-86.44269481301308,20,105,109]
[107,42.150425980229876,-86.44293688237667,32,86]
[108,42.15034618957461,-86.44294761121273,94,87]
[109,42.15064472045123,-86.44265156239271,105,106,18,104]
[110,42.15071506515725,-86.4427699148655,15,68]
[111,42.15038372350908,-86.44297040998936,86,36]
[112,42.15051074215537,-86.44274242222309,25,99]