[0,42.11254941461256,-86.46892178803682,45]
[1,42.1125688145783,-86.46887350827456,46]
[2,42.112523050547054,-86.46882187575102,97]
[3,42.11253200438185,-86.46896805614233,48]
[4,42.11246932751168,-86.46897744387388,50]
[5,42.11250340184957,-86.46901432424784,51]
[6,42.11248474801723,-86.46908305585384,54]
[7,42.11244495315656,-86.46921582520008,56]
[8,42.11243226853947,-86.46928757429123,57]
[9,42.11235243000892,-86.4692946150899,57]
[10,42.112339745373305,-86.46923258900642,13]
[11,42.112357653093426,-86.46924164146185,14]
[12,42.11237605824495,-86.46924767643213,15]
[13,42.112350191544,-86.46919000893831,10,14,15,56]
[14,42.1123666069516,-86.46919369697571,11,13,56,15]
[15,42.112384265945934,-86.46920174360275,12,13,56,14]
[16,42.1123666069516,-86.46916687488556,60]
[17,42.11237755055431,-86.46913502365351,55,58]
[18,42.112382773636725,-86.46908070892096,68]
[19,42.11219325008398,-86.46923862397671,62,20,63]
[20,42.11221837069247,-86.4691249653697,62,19,63]
[21,42.112323329958755,-86.46908573806286,65]
[22,42.112327806890406,-86.46905891597271,70]
[23,42.11226040416357,-86.46901197731495,64,70,69,72,436,437,438,439]
[24,42.112355912065304,-86.46894928067923,71]
[25,42.11229895554748,-86.4688714966178,72,73,74,75,76,334]
[26,42.11239520954558,-86.46900996565819,53]
[27,42.11241137622343,-86.46901398897171,52]
[28,42.11239819416334,-86.46894626319408,75]
[29,42.11241883776565,-86.46895129233599,76]
[30,42.11234845051567,-86.4688503742218,73,75,74,77,78,79,80]
[31,42.1123591454032,-86.46878063678741,78]
[32,42.112396701854486,-86.46879639476538,79]
[33,42.112369591570705,-86.46867468953133,84,34,35,85,484,453]
[34,42.11238824543692,-86.46860763430595,33,35,86,454,455,456]
[35,42.112401924935355,-86.46853756159544,33,34,89,459,458,457,460]
[36,42.11252081208814,-86.46854694932699,128,90,91,463]
[37,42.11250986851017,-86.46860763430595,88,92]
[38,42.112500914672246,-86.46864149719477,87]
[39,42.11250539159138,-86.46868072450161,94]
[40,42.112481017250126,-86.46874643862247,95,41]
[41,42.11246733776876,-86.46879337728024,40]
[42,42.11265089129068,-86.46860998123884,91]
[43,42.112635968259966,-86.46868776530027,93]
[44,42.11258025558092,-86.46881818771362,96]
[45,42.11252752746461,-86.46888691931963,0,46]
[46,42.11253125822899,-86.46886110305786,1,45,47]
[47,42.112499422365815,-86.46884802728891,46,48,80,81,97,96,95,94,93,92]
[48,42.112477286482765,-86.46895196288824,3,74,75,76,49,47]
[49,42.11245937879646,-86.4689439162612,50,74,75,76,48]
[50,42.11245291213069,-86.46896906197071,4,57,56,54,55,51,49]
[51,42.112447191618145,-86.46899119019508,5,57,56,54,55,50,52,53,71,392,393,394,395]
[52,42.11241734545729,-86.46897811442614,27,51,53,71]
[53,42.112406401861456,-86.46897308528423,26,51,52,71]
[54,42.11243376084751,-86.469064950943,6,57,56,55,51,50,396,397,398,399,400]
[55,42.11241610186695,-86.4691524580121,57,56,54,50,51,17,58,400]
[56,42.11240366596221,-86.46920643746853,7,13,14,15,57,55,54,51,50,400,405,406,407]
[57,42.11239098133685,-86.4692785218358,8,9,56,55,54,51,50,408,409,410,411]
[58,42.11234148640187,-86.46912664175034,55,17,59,66,67]
[59,42.112328801764065,-86.4691286534071,58,60,61,66,298]
[60,42.11232357867719,-86.4691474288702,16,59,61,298,415,416,417,418,419]
[61,42.11229373245811,-86.46929528564215,59,60,62,415,416,417,418,419,420]
[62,42.11219399624081,-86.46926209330559,61,19,20,63,420,428,429,430,431,432,433]
[63,42.112227822007924,-86.46907467395067,62,19,20,64,65,66,428,429,430,431,432,433,427,434,435]
[64,42.11224622719715,-86.46908171474934,63,66,64,23]
[65,42.112316863279126,-86.4691075310111,63,21,66,64,427,434,435]
[66,42.11232929920091,-86.46911256015301,58,59,63,65,64]
[67,42.11234695820562,-86.46909546107054,58,68,69,71]
[68,42.11236262745922,-86.46909981966019,18,67]
[69,42.11235392231882,-86.46904852241278,70,23,67,71,444]
[70,42.11233178638498,-86.46904181689024,22,69,23,323,436,437,438]
[71,42.11237431721733,-86.46896034479141,67,24,69,51,52,53,74,444]
[72,42.11228850936834,-86.4688691496849,23,25,73,74,75,76,439,445,446]
[73,42.11231164019126,-86.46887987852097,72,25,74,75,76,30,77,83,84]
[74,42.112385758255094,-86.46890871226788,72,25,71,73,75,76,49,48,79,80,30,77,445,446]
[75,42.112404163398445,-86.46891675889492,72,25,73,74,76,49,48,28,79,80,30,77]
[76,42.11243003007738,-86.46892346441746,72,25,73,74,75,49,48,29]
[77,42.112330294074546,-86.46880343556404,73,75,74,30,78,79,80,83,84]
[78,42.11235466847376,-86.4688091352582,31,30,77,79,80]
[79,42.11239123005503,-86.46882489323616,32,75,74,30,77,78,80]
[80,42.112420330074,-86.46883729845285,75,74,30,77,78,79,81,47]
[81,42.11243102494941,-86.46880343556404,80,82,47]
[82,42.11243475571949,-86.46877527236938,83,81,85,86,87,88,89,90,447,448,449,450]
[83,42.11233825306308,-86.46874040365219,73,77,82,84,447,448,449,450]
[84,42.11235417103715,-86.46867100149393,73,77,83,33,85,451,452,453,484]
[85,42.11244545059249,-86.46870352327824,84,82,33,86,87,88,89,90,451,452,484,453]
[86,42.11245888136063,-86.4686344563961,82,85,34,87,88,89,90,454,455,456]
[87,42.11246485059004,-86.46862473338842,82,85,86,38,88,89,90]
[88,42.11247206340813,-86.46858885884285,82,85,86,87,89,90,37,92]
[89,42.11247554545795,-86.46856471896172,82,85,86,87,35,88,90,457,458,459]
[90,42.11248350442823,-86.46852683275938,82,85,86,87,88,89,36,463]
[91,42.11255463768083,-86.46857678890228,36,94,93,92,42,464,465,466,467,468]
[92,42.11254543513167,-86.46861635148525,47,88,37,97,96,95,94,93,91]
[93,42.11254021206264,-86.46865323185921,47,97,96,95,94,43,92,91,469,470,471,472,473]
[94,42.112532501817064,-86.46868910640478,47,97,96,95,39,93,92,91,474]
[95,42.11251658388781,-86.46875984966755,47,97,96,40,94,93,92,474]
[96,42.11251086338098,-86.4687917008996,47,97,44,95,94,93,92,479,480,481,482]
[97,42.11250514287365,-86.46881550550461,2,47,96,95,94,93,92]
[98,42.1125332479699,-86.46842826157808,133]
[99,42.11252404541764,-86.46840311586857,134]
[100,42.11251658388781,-86.46838165819645,135]
[101,42.11252404541764,-86.46836053580046,162]
[102,42.11254220180327,-86.4683062210679,139,165]
[103,42.112535237710766,-86.46823648363352,140]
[104,42.11252106080581,-86.46816037595272,141]
[105,42.11251782747616,-86.46808359771967,143]
[106,42.112539714627474,-86.46809231489897,143]
[107,42.112508873639364,-86.46803062409163,145]
[108,42.11252703002934,-86.46801017224789,145]
[109,42.11251509158173,-86.46794144064188,151]
[110,42.11249171211528,-86.46794613450766,147]
[111,42.11242107622816,-86.46791897714138,112,147,149]
[112,42.11243201982147,-86.46787069737911,111]
[113,42.11238799671874,-86.46783113479614,150]
[114,42.112336760752804,-86.46788779646158,149]
[115,42.112541704368134,-86.46790824830532,152,117,153]
[116,42.11257428636241,-86.46798435598612,155]
[117,42.11257950942865,-86.46793272346258,157,151,152,115]
[118,42.112611593968914,-86.46806549280882,166]
[119,42.11261631959749,-86.4681077376008,166]
[120,42.112591199146756,-86.46814830601215,121,156]
[121,42.11260065040661,-86.46820295602083,120,156]
[122,42.11265835280469,-86.4682063087821,159,158]
[123,42.112630496481145,-86.4683286845684,164]
[124,42.112643678492915,-86.46836824715137,160]
[125,42.112576276101976,-86.46839406341314,131,163]
[126,42.112608858078524,-86.46826799958944,165]
[127,42.11258697095108,-86.46847955882549,129,161,130,132]
[128,42.11251658388781,-86.46852817386389,129,36]
[129,42.11253797360436,-86.46850604563951,128,127,130,132,133]
[130,42.11256359151117,-86.46844938397408,129,127,131,132]
[131,42.11256135305371,-86.46842993795872,130,125,162]
[132,42.112524294135284,-86.46846916526556,129,127,130,133,134,135]
[133,42.11251136081638,-86.46844234317541,98,129,132,134,135]
[134,42.11250190954319,-86.46841619163752,99,132,133,135]
[135,42.11249693518834,-86.46839406341314,100,132,133,134,136]
[136,42.11248250955699,-86.46834410727024,135,139,137]
[137,42.112465845461536,-86.46825324743986,140,136,138]
[138,42.11245788648903,-86.46813690662384,141,137,142,144]
[139,42.11250986851017,-86.46833371371031,102,136]
[140,42.11249444801076,-86.46824553608894,103,137]
[141,42.112484499299455,-86.46813288331032,104,138]
[142,42.112459876232236,-86.46811578422785,143,138,144]
[143,42.112520563370495,-86.46810036152601,105,106,142]
[144,42.112463109564835,-86.46802224218845,145,138,142,146]
[145,42.11250688389769,-86.46801352500916,107,108,144]
[146,42.112460373668036,-86.46799173206091,147,148,144,151]
[147,42.11246186597541,-86.46793607622385,110,111,146,149]
[148,42.1123666069516,-86.46795518696308,150,149,146,721]
[149,42.112380783891105,-86.46790321916342,150,114,111,147,148]
[150,42.11238998646416,-86.46786399185658,113,149,148]
[151,42.112512355687166,-86.46798636764288,109,146,152,117]
[152,42.11254916589501,-86.46795552223921,155,151,115,117]
[153,42.11251210696947,-86.46786097437143,154,115]
[154,42.11255687613853,-86.4678629860282,153]
[155,42.11255463768083,-86.46799508482218,156,152,116]
[156,42.112578763276346,-86.46806515753269,121,120,155]
[157,42.11262999904669,-86.46803364157677,158,117]
[158,42.112636465694365,-86.46807689219713,122,166,157]
[159,42.11267427069837,-86.46833304315805,161,160,122]
[160,42.112654622047785,-86.46834310144186,159,124]
[161,42.1126645707324,-86.46846782416105,127,159]
[162,42.11254841974235,-86.46835885941982,101,131,163]
[163,42.11260537603601,-86.46834880113602,125,163,164,165]
[164,42.1126036350147,-86.46833069622517,163,123,165]
[165,42.11259691964631,-86.46829448640347,102,163,164,126]
[166,42.11262154266027,-86.4680839329958,119,118,158]
[167,42.11213878061164,-86.46822039037943,217]
[168,42.11210147272685,-86.46823816001415,216]
[169,42.112137039577505,-86.46813992410898,255]
[170,42.11206142890605,-86.46824184805155,219,220,194,237]
[171,42.112018649144105,-86.46820161491632,221,172]
[172,42.11200372596454,-86.4681600406766,171,221]
[173,42.11199228485782,-86.4681251719594,194]
[174,42.111979351430364,-86.46815467625856,236]
[175,42.111938312652654,-86.46816339343786,176]
[176,42.11195671792595,-86.4681888744235,175,177]
[177,42.111933586973514,-86.46821267902851,176,222]
[178,42.111942292171655,-86.46825928241014,223]
[179,42.11192736897413,-86.46827436983585,226]
[180,42.1118995123293,-86.46820362657309,224]
[181,42.11192264329415,-86.46831192076206,226,225]
[182,42.111876381356005,-86.46835081279278,228]
[183,42.11183111426554,-86.46838333457708,230]
[184,42.1117826137756,-86.46831326186657,229,230,231,232]
[185,42.11182091672972,-86.46824385970831,232]
[186,42.11183683483371,-86.46828040480614,231]
[187,42.111855240136464,-86.4682512357831,235]
[188,42.11186966591056,-86.46822642534971,227,233,234]
[189,42.11195298712775,-86.46807387471199,236]
[190,42.112005467002334,-86.46800111979246,237,194,238,240]
[191,42.11203979030913,-86.4679528400302,238]
[192,42.1120611801866,-86.46800313144922,239]
[193,42.11209376242792,-86.4680939912796,217,240,241,218]
[194,42.11200994395645,-86.4681127667427,170,173,219,220,237,238,240,190]
[195,42.112137039577505,-86.46803230047226,242]
[196,42.11214723706246,-86.46806616336107,253]
[197,42.112182803887436,-86.46798938512802,243]
[198,42.11219772702484,-86.46802727133036,252]
[199,42.11221712709821,-86.46800078451633,244]
[200,42.1122454810409,-86.46797597408295,245,251]
[201,42.11225468363362,-86.46793909370899,246]
[202,42.11227060162868,-86.46797329187393,250]
[203,42.11219897061945,-86.46792031824589,208]
[204,42.11218852442385,-86.46789249032736,209]
[205,42.11218404748236,-86.46785628050566,209]
[206,42.11221190400213,-86.46783616393805,211,210]
[207,42.11224448616594,-86.46781470626593,213,212]
[208,42.11221762453592,-86.4679079130292,203,209]
[209,42.11220518859223,-86.46788142621517,204,205,208,211,213]
[210,42.11223354254027,-86.46788779646158,206,211]
[211,42.11222483738213,-86.46786633878946,206,209,210,213]
[212,42.112262393912985,-86.46786399185658,247,207,213]
[213,42.112249957978094,-86.46784488111734,207,209,211,212]
[214,42.11232432483247,-86.46810907870531,250]
[215,42.11217509359841,-86.46818418055773,254]
[216,42.112102467604046,-86.46819423884153,168,217]
[217,42.11212112154891,-86.46817781031132,167,216,218,193,241]
[218,42.11210619839347,-86.46813657134771,217,219,241,193,255,254,253,252,251,250,249]
[219,42.11203979030913,-86.46818317472935,170,218,220,194,237]
[220,42.11203058768525,-86.46816540509462,170,230,229,228,227,225,224,222,221,219,194,237]
[221,42.1120089490778,-86.46817546337843,171,172,230,229,228,227,225,224,222,220,620]
[222,42.111947017850156,-86.46823044866323,177,223,230,229,228,227,225,224,221,220,620,621,622,623]
[223,42.11195945384448,-86.46825190633535,178,222,495,621,622,623]
[224,42.11191816633388,-86.46825056523085,180,230,229,228,227,225,222,221,220]
[225,42.111902248250324,-86.46825961768627,181,226,230,229,228,227,224,222,221,220,625,626]
[226,42.11191194833296,-86.4682874456048,179,181,225,502,625,626]
[227,42.11189030968503,-86.46827202290297,230,229,228,225,224,222,221,220,188,233,234]
[228,42.111857478618866,-86.46829884499311,182,230,229,227,225,224,222,221,220,627,628,629]
[229,42.111828129621095,-86.46832030266523,184,232,231,230,228,227,225,224,222,221,220]
[230,42.1118104704718,-86.46833539009094,183,184,232,231,229,228,227,225,224,222,221,220,630,631,632,633]
[231,42.11181320639667,-86.4682961627841,184,186,232,230,229]
[232,42.1117992780507,-86.46825861185789,184,185,231,230,229]
[233,42.1118527529337,-86.46817915141582,227,188,234,236,237,663,664,675]
[234,42.111843052842005,-86.46816540509462,227,188,235,233,637,663]
[235,42.11182763218033,-86.46818283945322,187,234,637,638]
[236,42.111960200004084,-86.46809801459312,174,189,233,237,664,675]
[237,42.11199352845648,-86.46807420998812,170,233,236,219,220,194,240,238,190,664,675,676,677,678,679,680]
[238,42.112018897863734,-86.46797094494104,237,194,190,191,240,681]
[239,42.11208754444423,-86.46803699433804,192,241,242,243,244,245,246,247,687]
[240,42.11205471348023,-86.46805811673403,237,194,190,238,241,193,681]
[241,42.11207883926604,-86.46804336458445,217,240,239,193,218]
[242,42.11212112154891,-86.46800380200148,239,195,243,244,245,246,247,687,688]
[243,42.11217409872233,-86.46796759217978,239,242,197,244,245,246,247,688,699]
[244,42.11219946805732,-86.46795082837343,239,242,243,199,245,246,247,699]
[245,42.11222657841387,-86.46792568266392,239,242,243,244,200,251,246,247]
[246,42.11224523232219,-86.46791327744722,239,242,243,244,245,247,201]
[247,42.11227706831305,-86.46788947284222,239,242,243,244,245,246,212,248,249]
[248,42.11229547348797,-86.46793473511934,247,249]
[249,42.11231512224988,-86.46797865629196,247,248,218,250,251,252,253,254,255,721]
[250,42.112281545247974,-86.46800145506859,202,214,218,249,251,252,253,254,255,700,701,702,703,704]
[251,42.11226115031962,-86.46801754832268,245,200,218,249,250,252,253,254,255,705]
[252,42.1122143911908,-86.46806046366692,198,218,249,250,251,253,254,255,705,711]
[253,42.11216116533197,-86.46810069680214,196,218,249,250,251,252,254,255,711]
[254,42.11214624218594,-86.46810807287693,215,218,249,250,251,252,253,255,717,718,719,720]
[255,42.112130324159665,-86.46811712533236,169,218,249,250,251,252,253,254]
[256,42.11253150694661,-86.46900627762079,395]
[257,42.11251185825177,-86.46899588406086,394]
[258,42.11249021980864,-86.46898750215769,393]
[259,42.11252106080581,-86.46904516965151,395]
[260,42.11250066595453,-86.46904148161411,394]
[261,42.112481017250126,-86.4690337702632,393]
[262,42.11245937879646,-86.4690263941884,392]
[263,42.1124539070024,-86.46905120462179,396]
[264,42.11247430186872,-86.4690575748682,397]
[265,42.11249494544628,-86.46906662732363,398]
[266,42.11251459414636,-86.46907299757004,399]
[267,42.11244545059249,-86.46909445524216,396]
[268,42.11246609417941,-86.46910417824984,397]
[269,42.11248723519521,-86.46910954266787,398]
[270,42.112507878768525,-86.46911792457104,399]
[271,42.112440973669116,-86.46912060678005,401]
[272,42.112460373668036,-86.46912831813097,402]
[273,42.11248201212137,-86.46913468837738,403]
[274,42.112503153131854,-86.46914340555668,404]
[275,42.11243425828349,-86.46916452795267,401]
[276,42.1124539070024,-86.46917223930359,402]
[277,42.11247430186872,-86.46918095648289,403]
[278,42.11242853776926,-86.4691923558712,405]
[279,42.11244545059249,-86.4692010730505,406]
[280,42.11246883007598,-86.4692061021924,407]
[281,42.1124185890476,-86.4692335948348,405]
[282,42.11243973007925,-86.46924398839474,406]
[283,42.112458632642735,-86.46924868226051,407]
[284,42.1124146095585,-86.46926008164883,408]
[285,42.112432517257474,-86.46926745772362,409]
[286,42.11245216597692,-86.46927382797003,410]
[287,42.11240441211655,-86.46930500864983,408]
[288,42.11242580187096,-86.46931272000074,409]
[289,42.11244545059249,-86.46932043135166,410]
[290,42.112399686472166,-86.46933048963547,412]
[291,42.112419335201785,-86.46933820098639,413]
[292,42.11243973007925,-86.4693445712328,414]
[293,42.11228179396656,-86.46927583962679,419]
[294,42.11228950424261,-86.46924667060375,418]
[295,42.11229398117668,-86.46921817213297,417]
[296,42.11230144273272,-86.46918900310993,416]
[297,42.11230492479192,-86.46916285157204,415]
[298,42.11231064531732,-86.46913636475801,60,59]
[299,42.11226214519432,-86.46926611661911,421]
[300,42.11226985547277,-86.46923694759607,422]
[301,42.112276073438565,-86.46921046078205,423]
[302,42.112279804217756,-86.46918296813965,424]
[303,42.112285524745424,-86.46915514022112,425]
[304,42.11229199142826,-86.4691299945116,426]
[305,42.112231304071145,-86.46925572305918,421]
[306,42.11223428869664,-86.46922923624516,422]
[307,42.112241501540964,-86.46919906139374,423]
[308,42.112247222072085,-86.46917156875134,424]
[309,42.11225194772784,-86.46914407610893,425]
[310,42.1122596580075,-86.46911758929491,426]
[311,42.11221265015873,-86.46924935281277,428]
[312,42.11221538606624,-86.46922051906586,429]
[313,42.11222210147505,-86.46919269114733,430]
[314,42.11222956303956,-86.46916285157204,431]
[315,42.11223428869664,-86.46913636475801,432]
[316,42.112240009228394,-86.46910987794399,433]
[317,42.112306417102936,-86.46908540278673,435]
[318,42.11228378371531,-86.46907936781645,427]
[319,42.11226413494368,-86.46907165646553,434]
[320,42.112268860598164,-86.469043828547,436]
[321,42.11228950424261,-86.46905153989792,437]
[322,42.11231164019126,-86.4690612629056,438]
[323,42.11234148640187,-86.46902237087488,70]
[324,42.11231835558986,-86.46901365369558,438]
[325,42.112298706828945,-86.46900862455368,437]
[326,42.112278063187496,-86.46900091320276,436]
[327,42.11228378371531,-86.46897610276937,440]
[328,42.112306417102936,-86.46898347884417,441]
[329,42.11232507098778,-86.46898984909058,442]
[330,42.11234546589555,-86.4689975604415,443]
[331,42.11233327869535,-86.46894458681345,442]
[332,42.11231164019126,-86.46893687546253,441]
[333,42.11229298630248,-86.46892949938774,440]
[334,42.1122977119548,-86.4689053595066,25]
[335,42.11231736071605,-86.46891139447689,446]
[336,42.11233999409169,-86.46892178803682,445]
[337,42.11241834032955,-86.46874878555536,450]
[338,42.11239769672706,-86.46874476224184,449]
[339,42.112378047990745,-86.46873738616705,448]
[340,42.11235740437512,-86.46872732788324,447]
[341,42.112364119768884,-86.46870117634535,453]
[342,42.11238376850955,-86.46870955824852,484]
[343,42.11240441211655,-86.46871592849493,452]
[344,42.112422817254505,-86.46872330456972,451]
[345,42.11243152238544,-86.46867837756872,451]
[346,42.11239147877318,-86.46866295486689,452]
[347,42.11239197620952,-86.4686642959714,484]
[348,42.11239595570005,-86.46864082664251,454]
[349,42.11241734545729,-86.4686468616128,455]
[350,42.11243973007925,-86.4686555787921,456]
[351,42.11244818648993,-86.46861031651497,456]
[352,42.11242754289715,-86.46860025823116,455]
[353,42.11240540698901,-86.46859489381313,454]
[354,42.112410878787244,-86.46856773644686,459]
[355,42.11243052751341,-86.46857611835003,458]
[356,42.11245166854106,-86.46858382970095,457]
[357,42.112440724951135,-86.46853253245354,458]
[358,42.112419335201785,-86.46852482110262,459]
[359,42.112424806998824,-86.4684996753931,461]
[360,42.11244644546429,-86.46850470453501,462]
[361,42.11256582996856,-86.46861467510462,464]
[362,42.11258622479888,-86.46862171590328,465]
[363,42.112604132449356,-86.46862842142582,466]
[364,42.11262552213637,-86.46863680332899,467]
[365,42.11264591694748,-86.46864451467991,468]
[366,42.112640445169525,-86.46867234259844,473]
[367,42.11262079650848,-86.46866329014301,472]
[368,42.11260015297191,-86.4686555787921,471]
[369,42.11257801712405,-86.46864853799343,470]
[370,42.11255936331366,-86.468639485538,469]
[371,42.112550906917825,-86.46868474781513,469]
[372,42.11256980944817,-86.46868977695704,470]
[373,42.11259194529888,-86.46869849413633,471]
[374,42.112611593968914,-86.46870754659176,472]
[375,42.112630993915595,-86.46871391683817,473]
[376,42.11262552213637,-86.46874040365219,483]
[377,42.11260686833995,-86.46873269230127,478]
[378,42.11258622479888,-86.46872632205486,477]
[379,42.11256582996856,-86.46871525794268,476]
[380,42.11254618128436,-86.46870888769627,475]
[381,42.11253697873396,-86.46875414997339,475]
[382,42.11255637870351,-86.46876253187656,476]
[383,42.11257801712405,-86.4687678962946,477]
[384,42.112598660667814,-86.46877560764551,478]
[385,42.1125929401684,-86.46880276501179,482]
[386,42.112573291492616,-86.46879438310862,481]
[387,42.11255289665812,-86.4687866717577,480]
[388,42.1125332479699,-86.46878063678741,479]
[389,42.112541455650536,-86.46883327513933,480]
[390,42.11256309407619,-86.46883696317673,481]
[391,42.112584732494454,-86.46884702146053,482]
[392,42.11246360700061,-86.46900426596403,262,51,393,394,395]
[393,42.11248325571041,-86.46901030093431,258,261,392,51,394,395]
[394,42.112503899285045,-86.46901801228523,257,260,392,51,393,395]
[395,42.11252603515878,-86.46902572363615,256,259,392,51,393,394]
[396,42.11245141982312,-86.46907333284616,263,267,54,397,398,399]
[397,42.11247032238313,-86.46908104419708,264,268,54,396,398,399]
[398,42.1124924582686,-86.469088755548,265,269,54,396,397,399]
[399,42.11251111209868,-86.46909713745117,266,270,54,396,397,398]
[400,42.11241759417536,-86.4691373705864,54,55,56,401,402,403]
[401,42.11243699418144,-86.46914340555668,271,275,400,402,403]
[402,42.11246062238594,-86.4691511169076,272,276,400,401,403]
[403,42.11248126596794,-86.46915514022112,273,277,400,401,402,404]
[404,42.11249967108356,-86.46916218101978,274,403]
[405,42.11242406084472,-86.46921280771494,278,281,56,406,407]
[406,42.11244370956678,-86.46922051906586,279,282,56,405,407]
[407,42.11246335828274,-86.46922688931227,280,283,56,405,406]
[408,42.112409137760594,-86.46928321570158,284,287,57,409,410]
[409,42.112430776231406,-86.46929193288088,285,288,57,408,410]
[410,42.11245042495138,-86.46929830312729,286,289,57,408,409]
[411,42.112381281327515,-86.46934758871794,57,412,413,414]
[412,42.11239520954558,-86.46935362368822,290,411,413,414]
[413,42.112416848021155,-86.46935865283012,291,411,412,414]
[414,42.11243798905337,-86.46936636418104,292,411,412,413]
[415,42.112318853026785,-86.46916888654232,297,60,61,416,417,418,419]
[416,42.11231338122058,-86.4691960439086,296,60,61,415,417,418,419]
[417,42.112306417102936,-86.46922320127487,295,60,61,415,416,418,419]
[418,42.11230392991788,-86.46925203502178,294,60,61,415,416,417,419]
[419,42.112297214517724,-86.4692785218358,293,60,61,415,416,417,418]
[420,42.11224324257222,-86.46927986294031,61,62,421,422,423,424,425,426,427]
[421,42.11224473488471,-86.46926108747721,299,305,420,422,423,424,425,426,427]
[422,42.11225244516527,-86.46923325955868,300,306,420,421,423,424,425,426,427]
[423,42.112258165695394,-86.46920576691628,301,307,420,421,422,424,425,426,427]
[424,42.11226264263167,-86.46917928010225,302,308,420,421,422,423,425,426,427]
[425,42.11226935803546,-86.46915011107922,303,309,420,421,422,423,424,426,427]
[426,42.112273088815066,-86.4691236242652,304,310,420,421,422,423,424,425,427]
[427,42.11228229140376,-86.46910015493631,318,63,420,421,422,423,424,425,426,435,434,65]
[428,42.11219374752189,-86.46924465894699,311,62,63,429,430,431,432,433]
[429,42.11219996549515,-86.46921548992395,312,62,63,428,430,431,432,433]
[430,42.11220668090561,-86.46918766200542,313,62,63,428,429,431,432,433]
[431,42.112214142471935,-86.46915916353464,314,62,63,428,429,430,432,433]
[432,42.11221886813016,-86.4691299945116,315,62,63,428,429,430,431,433]
[433,42.11222359378802,-86.46910216659307,316,62,63,428,429,430,431,432]
[434,42.112263886225016,-86.46909479051828,319,63,427,435,65]
[435,42.112301940169765,-86.46910954266787,317,63,427,434,65]
[436,42.11227582471996,-86.46902404725552,320,326,23,70,437,438]
[437,42.11229646836212,-86.46903041750193,321,325,23,70,436,438]
[438,42.112316863279126,-86.46903946995735,322,324,23,70,436,437]
[439,42.112276819594435,-86.46894760429859,23,72,440,441,442,443,444]
[440,42.112288758086905,-86.4689526334405,327,333,439,441,442,443,444]
[441,42.11230940172489,-86.46896101534367,332,328,439,440,442,443,444]
[442,42.11233178638498,-86.46897006779909,329,331,439,440,441,443,444]
[443,42.11235044026233,-86.46897610276937,330,439,440,441,442,444]
[444,42.1123710838802,-86.46898381412029,439,440,441,442,443,69,71]
[445,42.11234372486712,-86.46889965981245,336,72,74,446]
[446,42.11232158892969,-86.46889228373766,335,72,74,445]
[447,42.11235417103715,-86.46874811500311,340,82,83,448,449,450]
[448,42.11237481465379,-86.46875783801079,339,82,83,447,449,450]
[449,42.112396453136334,-86.46876689046621,338,82,83,447,448,450]
[450,42.11241585314889,-86.4687729254365,337,82,83,447,448,449]
[451,42.11242978135935,-86.46870385855436,344,345,84,85,452,453,484]
[452,42.11241038135107,-86.46869614720345,343,346,84,85,451,484,453]
[453,42.11237008900719,-86.46867737174034,341,84,85,451,484,452,33]
[454,42.11240267108972,-86.46861836314201,348,353,86,34,455,456]
[455,42.11242331469058,-86.4686257392168,352,349,86,34,454,456]
[456,42.11244122238709,-86.46863210946321,350,351,86,34,454,455]
[457,42.11245714033531,-86.46856270730495,356,89,35,458,459]
[458,42.11243749161741,-86.46855533123016,355,357,89,35,457,459]
[459,42.11241585314889,-86.46854627877474,354,358,89,35,457,458]
[460,42.112416848021155,-86.4684721827507,35,461,462,463]
[461,42.11242779161518,-86.46847620606422,359,460,462,463]
[462,42.112453160848624,-86.46848492324352,360,460,461,463]
[463,42.11248847878416,-86.46849900484085,460,461,462,90,36]
[464,42.11257130175295,-86.4685932174325,361,91,465,466,467,468]
[465,42.11259070171198,-86.46859925240278,362,91,464,466,467,468]
[466,42.11261035038239,-86.46860428154469,363,91,464,465,467,468]
[467,42.1126319887845,-86.46861333400011,364,91,464,465,466,468]
[468,42.11265138872495,-86.46862205117941,365,91,464,465,466,467]
[469,42.11255737357356,-86.46866228431463,370,371,93,470,471,472,473]
[470,42.11257478379732,-86.46866999566555,369,372,93,469,471,472,473]
[471,42.112596422211574,-86.46867837756872,373,368,93,469,470,472,473]
[472,42.11261706574933,-86.46868474781513,374,367,93,469,470,471,473]
[473,42.11263746056319,-86.46869380027056,375,366,93,469,470,471,472]
[474,42.11252628387643,-86.46872900426388,94,95,475,476,477,478]
[475,42.11254245052084,-86.46873403340578,380,381,474,476,477,478]
[476,42.11256359151117,-86.46874040365219,379,382,474,475,477,478]
[477,42.11258249403773,-86.46874643862247,383,378,474,475,476,478]
[478,42.11260462988404,-86.46875280886889,377,384,474,475,476,477,483]
[479,42.11253001464089,-86.46880209445953,388,96,480,481,482]
[480,42.1125486684599,-86.46880947053432,389,387,96,479,481,482]
[481,42.112568565860805,-86.46881952881813,386,390,96,479,480,482]
[482,42.112589706842435,-86.46882489323616,391,385,96,479,480,481]
[483,42.11262427855012,-86.46875783801079,376,478]
[484,42.11238700184602,-86.4686881005764,342,347,84,85,451,452,453,33]
[485,42.1120470031756,-86.46828040480614,616]
[486,42.112036805674514,-86.46825358271599,617]
[487,42.112028349208956,-86.46822977811098,618]
[488,42.111989300220955,-86.46822642534971,619]
[489,42.112000243888794,-86.46824989467859,618]
[490,42.112009446517135,-86.4682736992836,617]
[491,42.11201989274225,-86.46829918026924,616]
[492,42.1120022336464,-86.46831326186657,623]
[493,42.111993031017015,-86.4682874456048,622]
[494,42.11198457454561,-86.46826263517141,621]
[495,42.11197462575428,-86.46823581308126,223]
[496,42.111952240968066,-86.46828476339579,621]
[497,42.11196268720263,-86.46831125020981,622]
[498,42.11197288471565,-86.46833404898643,623]
[499,42.111956966645806,-86.46835047751665,624]
[500,42.11194577425058,-86.46832264959812,625]
[501,42.111939307532445,-86.468301191926,626]
[502,42.11189627896797,-86.46829515695572,226]
[503,42.11190846625218,-86.4683199673891,626]
[504,42.11191891249394,-86.46834511309862,625]
[505,42.1119000097695,-86.46836020052433,629]
[506,42.11188956352461,-86.46833404898643,628]
[507,42.11188036087889,-86.46830890327692,627]
[508,42.11184951956995,-86.46833270788193,627]
[509,42.11186270174416,-86.46835684776306,628]
[510,42.111872153112664,-86.46838031709194,629]
[511,42.11185449397564,-86.46839573979378,630]
[512,42.111844296443564,-86.46836791187525,631]
[513,42.11183385018951,-86.46834410727024,632]
[514,42.11180474990127,-86.46836422383785,632]
[515,42.11181320639667,-86.46839305758476,631]
[516,42.111825144976464,-86.46841920912266,630]
[517,42.11180773454684,-86.46843194961548,636]
[518,42.11179728828673,-86.46840177476406,635]
[519,42.111787090745466,-86.46838165819645,634]
[520,42.1117373466182,-86.46822307258844,642]
[521,42.111755751949836,-86.46820832043886,641]
[522,42.11177341111436,-86.46819658577442,640]
[523,42.111793060038124,-86.46818552166224,639]
[524,42.11181196279447,-86.4681714400649,638]
[525,42.11182688601917,-86.46815903484821,637]
[526,42.11181818080519,-86.4681338891387,650]
[527,42.11180077037362,-86.46814528852701,649]
[528,42.11178012657001,-86.46816171705723,648]
[529,42.111764208451774,-86.4681751281023,647]
[530,42.11174754416748,-86.46818820387125,646]
[531,42.11172789522959,-86.46819926798344,645]
[532,42.11171371814407,-86.46815903484821,645]
[533,42.11172789522959,-86.46814528852701,646]
[534,42.11174555440188,-86.46813254803419,647]
[535,42.111766198216785,-86.46811746060848,648]
[536,42.11178385737839,-86.4681063964963,649]
[537,42.11180176525555,-86.46809600293636,650]
[538,42.11179131899448,-86.46807219833136,653]
[539,42.11177341111436,-86.46808359771967,654]
[540,42.11175699555313,-86.46809466183186,655]
[541,42.1117373466182,-86.46810840815306,656]
[542,42.111722423372406,-86.46812383085489,657]
[543,42.11170177954325,-86.4681375771761,658]
[544,42.111828129621095,-86.46806716918945,661]
[545,42.11184006819809,-86.46809231489897,651]
[546,42.11184951956995,-86.4681164547801,662]
[547,42.11185971710119,-86.46814025938511,663]
[548,42.11187663007619,-86.4681288599968,665]
[549,42.1118664325477,-86.4681027084589,666]
[550,42.11185349909455,-86.46807756274939,667]
[551,42.11184777852788,-86.46805208176374,668]
[552,42.11187563519543,-86.46803196519613,668]
[553,42.11188434040153,-86.46805476397276,667]
[554,42.11189727384838,-86.46808359771967,666]
[555,42.11190448673107,-86.46810874342918,665]
[556,42.111922394574165,-86.46809365600348,674]
[557,42.111913191933205,-86.46806716918945,673]
[558,42.111903989290894,-86.46804336458445,672]
[559,42.11189254816618,-86.46801922470331,671]
[560,42.111923389454184,-86.46799575537443,671]
[561,42.11193284081363,-86.46802190691233,672]
[562,42.11194303833146,-86.46804336458445,673]
[563,42.1119606974438,-86.46803196519613,680]
[564,42.111949256329325,-86.46800816059113,679]
[565,42.11194005369225,-86.4679816737771,677]
[566,42.1121002291303,-86.46799106150866,686]
[567,42.11209202139254,-86.46796490997076,685]
[568,42.11208381365372,-86.46793909370899,684]
[569,42.11207411359736,-86.46791562438011,683]
[570,42.11209003163776,-86.46790020167828,693]
[571,42.112098736814424,-86.4679266884923,691]
[572,42.11211067534045,-86.46794948726892,690]
[573,42.11211813691808,-86.46797463297844,689]
[574,42.112148978096336,-86.46795082837343,689]
[575,42.11213878061164,-86.46792534738779,690]
[576,42.11213007544047,-86.46790154278278,691]
[577,42.11214698834333,-86.46788779646158,696]
[578,42.11215743454581,-86.4679142832756,697]
[579,42.112165642275066,-86.467941775918,698]
[580,42.11226139903828,-86.46805040538311,706]
[581,42.11226910931683,-86.46807823330164,707]
[582,42.11228005293637,-86.46810069680214,708]
[583,42.112290250398324,-86.46812483668327,709]
[584,42.11230044785865,-86.4681513234973,710]
[585,42.112271596503234,-86.46817278116941,710]
[586,42.11226338878767,-86.46814361214638,709]
[587,42.112253191321386,-86.46812349557877,708]
[588,42.11224075538469,-86.46809700876474,707]
[589,42.11223453741543,-86.46807186305523,706]
[590,42.11221563478509,-86.46808326244354,712]
[591,42.112225832257415,-86.46811243146658,713]
[592,42.112236278446865,-86.46813321858644,714]
[593,42.11224473488471,-86.46815869957209,715]
[594,42.112253191321386,-86.4681825041771,716]
[595,42.112213893753065,-86.4681838452816,715]
[596,42.112203696278826,-86.46815869957209,714]
[597,42.1121944936787,-86.46813724189997,713]
[598,42.11218404748236,-86.46810840815306,712]
[599,42.11216987049884,-86.46811980754137,717]
[600,42.11217658591248,-86.46814629435539,718]
[601,42.11218877314282,-86.46816875785589,719]
[602,42.11219499111659,-86.46819490939379,720]
[603,42.11216987049884,-86.4682163670659,720]
[604,42.11215892686028,-86.46819490939379,719]
[605,42.11214947553455,-86.46816741675138,718]
[606,42.112277317031655,-86.4680353179574,700]
[607,42.11228751449407,-86.46806448698044,701]
[608,42.11229696579922,-86.46808460354805,702]
[609,42.11230616838445,-86.46811109036207,703]
[610,42.112316365842204,-86.46813590079546,704]
[611,42.112345217177214,-86.46811243146658,704]
[612,42.11233601459765,-86.46808929741383,703]
[613,42.11232581714305,-86.46806180477142,702]
[614,42.11231736071605,-86.46803665906191,701]
[615,42.11230616838445,-86.46801251918077,700]
[616,42.11203406975931,-86.46828945726156,485,491,617,618,619,620]
[617,42.11202188249922,-86.46826464682817,490,486,616,618,619,620]
[618,42.112014420910256,-86.46823816001415,489,487,616,617,619,620]
[619,42.11200422340393,-86.46821536123753,488,616,617,618,620]
[620,42.11199452333538,-86.46819155663252,616,617,618,619,221,222]
[621,42.1119666667201,-86.46827302873135,496,494,222,223,622,623]
[622,42.111979102710585,-86.46829951554537,497,493,222,223,621,623]
[623,42.11199004638018,-86.46832499653101,498,492,222,223,621,622]
[624,42.11194627169042,-86.46835885941982,499,625]
[625,42.111935825453166,-86.4683360606432,504,500,225,226,626,624]
[626,42.11192388689418,-86.46831225603819,503,501,225,226,625]
[627,42.11186742742859,-86.46831795573235,507,508,228,628,629]
[628,42.11187663007619,-86.46834645420313,506,509,228,627,629]
[629,42.11188608144261,-86.46837428212166,505,510,228,627,628]
[630,42.11184031691843,-86.46840814501047,511,516,230,631,632]
[631,42.11183086554517,-86.46838199347258,512,515,230,630,632]
[632,42.11181967312768,-86.46835684776306,513,514,230,630,631]
[633,42.11176644693738,-86.46836791187525,230,634,635,636]
[634,42.1117749034379,-86.46839305758476,519,633,635,636]
[635,42.11178510098112,-86.4684171974659,518,633,634,636]
[636,42.111793806199664,-86.4684410020709,517,633,634,635]
[637,42.1118333527488,-86.46817311644554,525,234,235,638,639,640,641,642,643]
[638,42.111817434643925,-86.46818686276674,524,235,637,639,640,641,642,643]
[639,42.11179952677119,-86.46819826215506,523,637,638,640,641,642,643]
[640,42.11178186761394,-86.46821334958076,522,637,638,639,641,642,643]
[641,42.11176321356926,-86.46822977811098,521,637,638,639,640,642,643]
[642,42.11174630056398,-86.4682411774993,520,637,638,639,640,641,643]
[643,42.11173237220332,-86.46825224161148,637,638,639,640,641,642,644,659]
[644,42.11170725140222,-86.46818820387125,643,659,645,646,647,648,649,650,651]
[645,42.11172018488522,-86.46818049252033,531,532,644,646,647,648,649,650,651]
[646,42.1117380927804,-86.46816540509462,530,533,644,645,647,648,649,650,651]
[647,42.11175450834652,-86.46815165877342,529,534,644,645,646,648,649,650,651]
[648,42.11177365983496,-86.4681389182806,528,535,644,645,646,647,649,650,651]
[649,42.11179007539187,-86.46812383085489,527,536,644,645,646,647,648,650,651]
[650,42.11181071919225,-86.46811544895172,526,537,644,645,646,647,648,649,651]
[651,42.11182290649295,-86.46810371428728,545,644,645,646,647,648,649,650,652,663,662,660,661]
[652,42.11180151653508,-86.46803632378578,653,654,655,656,657,658,659,660,661,662,663,651]
[653,42.11178286249618,-86.46805241703987,538,652,654,655,656,657,658,659]
[654,42.11176594949614,-86.46806247532368,539,652,653,655,656,657,658,659]
[655,42.11174903649162,-86.468076556921,540,652,653,654,656,657,658,659]
[656,42.1117313773203,-86.4680903032422,541,652,653,654,655,657,658,659]
[657,42.111714464306544,-86.46810371428728,542,652,653,654,655,656,658,659]
[658,42.11169581024202,-86.46811746060848,543,652,653,654,655,656,657,659]
[659,42.11168287675403,-86.4681251719594,643,644,652,653,654,655,656,657,658]
[660,42.11180872942864,-86.46805979311466,652,663,662,651,661,669,670,676]
[661,42.11181444999882,-86.46807856857777,544,652,663,662,651,660]
[662,42.11183484507094,-86.46812919527292,546,652,663,660,661,651]
[663,42.11184628620605,-86.46815065294504,547,234,233,652,662,661,660,651]
[664,42.1118990148891,-86.46813958883286,233,236,237,675,665,666,667,668,669]
[665,42.111889812244755,-86.46811679005623,548,555,664,666,667,668,669]
[666,42.111881107039416,-86.4680939912796,549,554,664,665,667,668,669]
[667,42.11187016335099,-86.46806683391333,550,553,664,665,666,668,669]
[668,42.11185971710119,-86.46804537624121,551,552,664,665,666,667,669]
[669,42.11185225549314,-86.46802391856909,660,664,665,666,667,668,670,676]
[670,42.111897025128286,-86.46798837929964,660,669,676,671,672,673,674,675]
[671,42.11190921241237,-86.46800648421049,559,560,670,672,673,674,675]
[672,42.111915927853616,-86.46803263574839,558,561,670,671,675,673,674]
[673,42.11192587665418,-86.46805912256241,557,562,670,671,675,672,674]
[674,42.11193706905292,-86.46808426827192,556,670,671,675,672,673]
[675,42.11194477937091,-86.46810706704855,233,236,237,664,670,671,672,673,674]
[676,42.111946520410335,-86.46795451641083,660,669,670,237,677,678,679,680]
[677,42.111953982007286,-86.46797329187393,565,237,676,678,679,680]
[678,42.111957712805435,-86.46798502653837,237,676,677,679,680,681,682,694]
[679,42.11196542312091,-86.46800246089697,564,237,676,677,678,680]
[680,42.111976366792895,-86.4680266007781,563,237,676,677,678,679]
[681,42.1120089490778,-86.46793942898512,678,682,694,238,240]
[682,42.112052723724275,-86.4679042249918,678,681,694,683,684,685,686,687]
[683,42.112060434028216,-86.46792568266392,569,682,684,685,686,687]
[684,42.112068890489496,-86.46795082837343,568,682,683,685,686,687]
[685,42.112079087985414,-86.46797630935907,567,682,683,684,686,687]
[686,42.11208928547971,-86.46800011396408,566,682,683,684,685,687]
[687,42.112100726568926,-86.46802492439747,682,683,684,685,686,688,699,239,242]
[688,42.11214450115202,-86.46798737347126,687,699,242,243,694,689,690,691,692,693]
[689,42.112132065194004,-86.46796591579914,573,574,694,688,690,691,692,693]
[690,42.11212485233721,-86.46794077008963,572,575,694,688,689,691,692,693]
[691,42.11211664460263,-86.467917971313,571,576,694,688,689,690,692,693]
[692,42.112106944551314,-86.46789785474539,694,688,689,690,691,693,695]
[693,42.11210520351629,-86.46789316087961,570,694,688,689,690,691,692]
[694,42.112098736814424,-86.467873044312,678,681,682,688,689,690,691,692,693]
[695,42.11215196272567,-86.46786265075207,692,696,697,698,699]
[696,42.112160419174735,-86.46788276731968,577,695,697,698,699]
[697,42.112170616655945,-86.46790958940983,578,695,696,698,699]
[698,42.11217981925953,-86.46793205291033,579,695,696,697,699]
[699,42.11218827570488,-86.46795619279146,687,688,243,244,695,696,697,698]
[700,42.11229199142826,-86.46802458912134,606,615,250,701,702,703,704]
[701,42.11230119401421,-86.46805208176374,607,614,250,700,702,703,704]
[702,42.112312386346694,-86.46807856857777,608,613,250,700,701,703,704]
[703,42.112322335085,-86.4681027084589,609,612,250,700,701,702,704]
[704,42.112332035103364,-86.46812651306391,610,611,250,700,701,702,703]
[705,42.11223752204074,-86.46803967654705,711,251,252,706,707,708,709,710]
[706,42.11224622719715,-86.46806348115206,589,580,705,707,708,709,710]
[707,42.11225642466455,-86.46808627992868,588,581,705,706,708,709,710]
[708,42.11226562725566,-86.46811410784721,587,582,705,706,707,709,710]
[709,42.11227507856407,-86.46813623607159,583,586,705,706,707,708,710]
[710,42.11228726577548,-86.46816037595272,584,585,705,706,707,708,709]
[711,42.11219200648924,-86.46807353943586,705,252,253,712,713,714,715]
[712,42.11220096037083,-86.46809600293636,590,598,711,713,714,715]
[713,42.11221016297001,-86.46812215447426,591,597,711,712,714,715]
[714,42.11221936556784,-86.46814730018377,592,596,711,712,713,715]
[715,42.11223379125906,-86.46817110478878,593,595,711,712,713,714,716]
[716,42.11224199897847,-86.4681939035654,594,715]
[717,42.112152460163884,-86.46813355386257,599,254,718,719,720]
[718,42.112163652522625,-86.46815970540047,600,605,254,717,719,720]
[719,42.11217409872233,-86.4681838452816,601,604,254,717,718,720]
[720,42.1121833013254,-86.46821033209562,602,603,254,717,718,719]
[721,42.11233899921818,-86.46795753389597,249,148]