[0,42.11254618128436,-86.4689177647233,47]
[1,42.11256558125107,-86.46887417882681,48]
[2,42.11252479157058,-86.46881986409426,106]
[3,42.11253026335851,-86.46896570920944,50]
[4,42.112491960833054,-86.46902471780777,54]
[5,42.11244221725897,-86.46921649575233,58]
[6,42.11242928392332,-86.46928790956736,60]
[7,42.11234422230381,-86.46928422152996,60,61,62,63,64,364,368,369]
[8,42.11237605824495,-86.46924398839474,61]
[9,42.11235093769898,-86.46923862397671,62]
[10,42.112333029976945,-86.46922755986452,63]
[11,42.112380783891105,-86.46920878440142,58]
[12,42.112348947952334,-86.46919704973698,65,67]
[13,42.112368596697685,-86.4691685512662,70]
[14,42.112377799272515,-86.46913670003414,68,69,19,71,57]
[15,42.112368596697685,-86.46909143775702,16,72]
[16,42.11239844288149,-86.46910417824984,15]
[17,42.11231338122058,-86.46915815770626,66]
[18,42.11231537096834,-86.46913569420576,69]
[19,42.11224647591587,-86.46908171474934,68,69,74,78,21,71,14,57,384,385]
[20,42.11228353499672,-86.4690213650465,73,74]
[21,42.11228950424261,-86.46887116134167,19,74,78,80,79,398]
[22,42.11239769672706,-86.46900862455368,77]
[23,42.112412619813874,-86.46900862455368,56]
[24,42.11235864796663,-86.46895062178373,76]
[25,42.11239769672706,-86.4689452573657,28]
[26,42.11241734545729,-86.46895565092564,52]
[27,42.11243973007925,-86.46896068006754,53]
[28,42.11240341724408,-86.4689140766859,25,51,52,79,84]
[29,42.11234720692398,-86.46884601563215,80,81,82,83,79,84]
[30,42.112357901811734,-86.46878264844418,82]
[31,42.11239744800893,-86.46879505366087,83]
[32,42.112465348025786,-86.4688228815794,49,85]
[33,42.11248027109668,-86.46875381469727,89]
[34,42.11237481465379,-86.46867703646421,88,90,94,95,403,404]
[35,42.112407645452,-86.46861735731363,94,93]
[36,42.112421573664264,-86.46854661405087,95,97]
[37,42.11248599160625,-86.46869916468859,91,104]
[38,42.11248126596794,-86.46866396069527,92]
[39,42.11251210696947,-86.46867636591196,103]
[40,42.112495194164026,-86.46864015609026,93,
[41,42.11249171211528,-86.46859992295504,96]
[42,42.112521558241134,-86.46860964596272,100]
[43,42.11251111209868,-86.46854426711798,98,99,417,418]
[44,42.112659098956044,-86.46863244473934,102]
[45,42.11262005035666,-86.46868541836739,102,101]
[46,42.112573291492616,-86.46881483495235,105]
[47,42.11252628387643,-86.4688902720809,0,48]
[48,42.112529268488004,-86.46886143833399,1,47,49]
[49,42.11249842749483,-86.46884266287088,48,50,32,85,106,105,104,103,101,100]
[50,42.112476789047115,-86.46894693374634,3,51,49]
[51,42.11245838392483,-86.46893687546253,53,50,52,28,79]
[52,42.11242729417913,-86.4689264819026,26,51,28,79]
[53,42.11245166854106,-86.46896839141846,54,27,60,59,58,57,55,51]
[54,42.11247032238313,-86.46897576749325,4,53]
[55,42.112445948028395,-86.46898716688156,60,56,59,58,57,53,357,348]
[56,42.112418091611495,-86.46897979080677,23,55]
[57,42.11241610186695,-86.4691524580121,60,68,69,19,71,14,59,58,55,53,348,357]
[58,42.112405904425245,-86.46920811384916,5,11,60,59,57,55,53,358,359,360]
[59,42.11239744800893,-86.46925237029791,60,58,57,55,53]
[60,42.112389737746,-86.46927382797003,6,7,61,59,58,57,55,53,361,362,363,364]
[61,42.11237207875317,-86.469268463552,8,7,60,62,63,64,364]
[62,42.112348947952334,-86.46926008164883,9,7,61,63,64]
[63,42.1123290504825,-86.4692510291934,10,7,61,62,64]
[64,42.11231139147278,-86.46924633532763,7,61,62,63,65,70,71,72,73,75,76,79,370]
[65,42.11232283252186,-86.46919067949057,12,64,66,67,70,71,72,73,75,76,79,371]
[66,42.11230790941393,-86.46918162703514,65,17,67,376]
[67,42.11221165528323,-86.46914508193731,65,66,68,12,383,379]
[68,42.1122255835386,-86.46907333284616,67,19,69,71,14,57,384]
[69,42.11231984790057,-86.46911222487688,18,68,19,71,14,57,266,387]
[70,42.112332035103364,-86.46915379911661,13,64,65,71,72,73,75,76,79]
[71,42.112339745373305,-86.4691199362278,64,65,70,68,69,19,72,73,75,76,79,14,57]
[72,42.11234695820562,-86.46909076720476,64,65,70,15,71,73,75,76,79]
[73,42.112351683853944,-86.46904818713665,64,65,70,71,72,20,74,75,76,79,388]
[74,42.112260155444886,-86.46901298314333,19,20,73,78,21,391]
[75,42.112368596697685,-86.46897912025452,64,65,70,71,72,73,78,76,79,395]
[76,42.112373322344375,-86.46896168589592,64,65,70,71,72,73,24,75,77,79]
[77,42.11240316852598,-86.4689714089036,22,76]
[78,42.112274332408205,-86.46894156932831,19,74,75,21,392]
[79,42.112384514664114,-86.46890871226788,64,65,70,71,72,73,75,76,21,51,52,28,80,29,83,84]
[80,42.11231213762821,-86.46888189017773,21,79,81,87,88,82,29,397,398]
[81,42.11232531970619,-86.46880377084017,80,87,88,82,29,83,84]
[82,42.11235417103715,-86.46881517022848,30,80,81,83,84,29]
[83,42.11239073261867,-86.46882623434067,31,81,82,29,84,79]
[84,42.11242231981842,-86.46883796900511,81,82,83,29,79,85,28]
[85,42.11242978135935,-86.4688128232956,84,32,49,86]
[86,42.11243450700149,-86.46877359598875,85,87,89,90,91,92,93,96,97,98,399]
[87,42.11233825306308,-86.46873939782381,80,81,86,88,402]
[88,42.11235267872723,-86.46866865456104,80,81,87,34,90,403]
[89,42.11243973007925,-86.46874040365219,86,33,90,91,92,93,96,97,98]
[90,42.1124469429002,-86.46870385855436,86,89,88,34,91,92,93,96,97,98,406]
[91,42.11245092238726,-86.46868139505386,86,89,90,92,93,96,97,98,37,104]
[92,42.112457389053205,-86.46865725517273,86,89,90,91,38,93,96,97,98]
[93,42.112460373668036,-86.46863210946321,86,89,90,91,92,94,35,96,97,98,40,407]
[94,42.112385758255094,-86.46860729902983,34,93,95,35,409]
[95,42.112402173653486,-86.46853655576706,34,94,36,97,410,413]
[96,42.11247131725455,-86.46859187632799,86,89,90,91,92,93,41,97,98]
[97,42.112475296740094,-86.4685657247901,86,89,90,91,92,93,95,96,36,98,412]
[98,42.1124807685323,-86.46853387355804,86,89,90,91,92,93,96,97,43,417]
[99,42.11255712485607,-86.46857813000679,143,144,43,101,100,142,418]
[100,42.11254792230724,-86.46861970424652,49,106,105,104,103,101,42,99]
[101,42.11253822232193,-86.46865323185921,49,106,105,104,103,102,45,100,99,420,421]
[102,42.112645668230314,-86.46869346499443,44,45,101,425,429]
[103,42.112530760793746,-86.46868608891964,49,106,105,104,39,101,100,433]
[104,42.11252628387643,-86.46871492266655,49,106,105,91,37,103,101,100]
[105,42.11251136081638,-86.46879069507122,49,106,46,104,103,101,100,433,439]
[106,42.1125056403091,-86.46881718188524,2,49,105,104,103,101,100]
[107,42.1125332479699,-86.4684272557497,141]
[108,42.11258547864668,-86.46841954439878,140]
[109,42.11258448377704,-86.46837931126356,139]
[110,42.11265536819919,-86.46840915083885,144,111,124]
[111,42.112639450300776,-86.4683149382472,135,110,124,132,112,131]
[112,42.11256682483848,-86.46826062351465,135,111,132,133,131,134]
[113,42.11246758648664,-86.46816942840815,134,131,133,132]
[114,42.11253648129876,-86.46806381642818,126,116,127,128,129]
[115,42.11263547082554,-86.4681013673544,130]
[116,42.11246808392239,-86.46801017224789,126,114,127,128,129]
[117,42.11248972237307,-86.46794479340315,125]
[118,42.11250837620394,-86.46790724247694,119]
[119,42.112529517205644,-86.46788377314806,120,118]
[120,42.11254444026142,-86.46788880228996,121,119,125]
[121,42.11257503251476,-86.46790657192469,122,120]
[122,42.11260686833995,-86.46796088665724,123,121]
[123,42.11263671441158,-86.46803364157677,124,122]
[124,42.1126645707324,-86.4681302011013,110,111,132,123]
[125,42.11252553772351,-86.46795954555273,120,117,126]
[126,42.11252553772351,-86.46798569709063,125,114,116,127,128,129]
[127,42.11250340184957,-86.46813791245222,131,126,116,114,129,128]
[128,42.11258249403773,-86.46812953054905,126,116,114,129,127]
[129,42.11260015297191,-86.46806515753269,130,126,116,114,127,128]
[130,42.112627263157094,-86.46805878728628,115,129]
[131,42.11250340184957,-86.46816574037075,111,112,134,113,132,133,127]
[132,42.1125872196685,-86.46816071122885,111,112,113,131,133,124]
[133,42.11250365056732,-86.46820932626724,137,136,135,112,134,113,131,132]
[134,42.11248474801723,-86.46826062351465,136,135,112,133,131,113]
[135,42.11248773263078,-86.46833371371031,137,136,134,133,111,112]
[136,42.112501660825465,-86.46840546280146,141,142,137,135,134,133]
[137,42.112542947956,-86.46839540451765,138,136,135,133]
[138,42.11255588126845,-86.46840076893568,139,140,137]
[139,42.11255414024577,-86.46837797015905,109,140,138]
[140,42.11255936331366,-86.46842792630196,108,139,138]
[141,42.11251558901709,-86.46844301372766,107,142,136]
[142,42.112543942826285,-86.46850001066923,141,143,136,99]
[143,42.11265089129068,-86.46849229931831,99,142,144]
[144,42.11265934767316,-86.46844804286957,99,143,110]
[145,42.11210172144615,-86.46823782473803,152]
[146,42.11214002420742,-86.46822273731232,153,154,189]
[147,42.11213554726249,-86.46814059466124,219]
[148,42.11206093146712,-86.46824050694704,155,156,157,158]
[149,42.112014918349544,-86.46819490939379,171]
[150,42.11200173620701,-86.46815735846758,171]
[151,42.11198979766045,-86.46812316030264,157]
[152,42.112099980410996,-86.4681962504983,145,153]
[153,42.11212062411044,-86.46817747503519,152,146,154,189,190]
[154,42.11210470607772,-86.46813355386257,146,153,155,189,190,211,212,213,215,216,218,219]
[155,42.11203556207669,-86.46818652749062,148,156,157,158,154]
[156,42.11202536457377,-86.46816104650497,148,155,157,158,171,172,174,176,177,178]
[157,42.112009446517135,-86.46811846643686,148,151,155,156,158,186,191,192]
[158,42.111992533577556,-86.46807555109262,148,155,156,157,179,180,181,182,183,184,186,191,192,642]
[159,42.111976615512674,-86.46815199404955,184]
[160,42.111940302412194,-86.46816238760948,161]
[161,42.11195348456752,-86.46819222718477,160,162]
[162,42.11193657161302,-86.46820899099112,161,172,173]
[163,42.1118937917668,-86.46820764988661,183]
[164,42.11186842230948,-86.46822910755873,176,182]
[165,42.11184703236698,-86.46824285387993,181]
[166,42.1118333527488,-86.46827638149261,177]
[167,42.111817434643925,-86.46824017167091,180]
[168,42.111764208451774,-86.46831158548594,178,179,601]
[169,42.11194254089159,-86.46826028823853,173]
[170,42.11192488177418,-86.46827269345522,175]
[171,42.11201044139579,-86.46817546337843,149,150,156,172,174,176,177,178,582]
[172,42.11194676913024,-86.46822843700647,156,171,162,173,174,176,177,178,582]
[173,42.11195597176632,-86.46824989467859,162,172,169,450,589]
[174,42.11190299441056,-86.46826095879078,156,171,175,172,176,177,178]
[175,42.1119107047327,-86.4682837575674,170,174,462,590]
[176,42.11188707632319,-86.4682700112462,156,171,172,174,164,182,177,178,593]
[177,42.11184628620605,-86.46830253303051,156,171,172,174,176,166,178,593,600]
[178,42.111824647535705,-86.46832399070263,156,171,172,174,176,177,179,168,601]
[179,42.11178460354003,-86.46822843700647,178,168,180,181,182,183,184,158,600,607,608]
[180,42.11180773454684,-86.46821334958076,167,179,181,182,183,184,158,608,609]
[181,42.111830368104435,-86.46819658577442,165,179,180,158,182,183,184]
[182,42.11185250421343,-86.46818049252033,176,164,179,180,158,181,183,184,629]
[183,42.111876132635814,-86.46816171705723,163,179,180,158,181,182,184,630]
[184,42.111960200004084,-86.468097679317,159,185,179,180,158,181,182,183,630,641]
[185,42.1119517435283,-86.4680752158165,184]
[186,42.11200397468425,-86.46800111979246,158,157,191,192,644]
[187,42.11203954158961,-86.46795183420181,192]
[188,42.11207038280606,-86.46799575537443,193]
[189,42.11209450858592,-86.46808996796608,146,153,191,154,190]
[190,42.11207759566906,-86.46804202347994,153,191,154,189,193,194,195,196,197,198,199]
[191,42.11205545963868,-86.46805878728628,158,157,186,192,189,190]
[192,42.11201790298521,-86.46796926856041,158,157,186,187,191,647]
[193,42.1120870470055,-86.46803364157677,188,190,194,195,196,197,198,199,653]
[194,42.112120375391214,-86.4680041372776,190,193,200,195,196,197,198,199,653,654]
[195,42.112154947354895,-86.46797396242619,190,193,194,202,216,196,197,198,199,654]
[196,42.11217658591248,-86.46795887500048,190,193,194,195,203,197,198,199]
[197,42.1121944936787,-86.46794982254505,190,193,194,195,196,205,198,199,664]
[198,42.11221961428668,-86.46792769432068,190,193,194,195,196,197,206,199,665]
[199,42.11226139903828,-86.46789450198412,190,193,194,195,196,197,198,210,211,665,674]
[200,42.112130821598065,-86.46803196519613,194]
[201,42.112149724253676,-86.46806951612234,218]
[202,42.112174596160365,-86.46802425384521,195,216]
[203,42.112186783391095,-86.46799173206091,196]
[204,42.11219971677623,-86.46802693605423,215]
[205,42.112214142471935,-86.46799508482218,197]
[206,42.112228070726715,-86.46795384585857,198]
[207,42.112243988728466,-86.46799307316542,212]
[208,42.11222707585147,-86.46806951612234,214]
[209,42.1122111578455,-86.46808326244354,217]
[210,42.11228303755955,-86.46793607622385,199,211,674]
[211,42.11229796067334,-86.46798804402351,199,210,154,212,213,215,216,218,219,675]
[212,42.11225692210193,-86.4680178835988,207,154,211,213,215,216,218,219,675]
[213,42.11223453741543,-86.46803665906191,154,211,212,214,215,216,218,219]
[214,42.11224448616594,-86.46805945783854,208,213,558,684]
[215,42.11221215272099,-86.46805476397276,204,154,211,212,213,216,218,219]
[216,42.11219051417555,-86.46806716918945,195,202,154,211,212,217,213,215,218,219]
[217,42.1121992193384,-86.46809700876474,209,216,574,685]
[218,42.11215967301752,-86.46809633821249,201,154,211,212,213,215,216,219,693]
[219,42.11212808568691,-86.46811980754137,147,154,211,212,213,215,216,218,693]
[220,42.112506137744546,-86.4691149070859,352]
[221,42.11248474801723,-86.46910719573498,351]
[222,42.11246708905091,-86.46910216659307,350]
[223,42.11244545059249,-86.46909479051828,349]
[224,42.112439978797234,-86.46911825984716,356]
[225,42.11246136853961,-86.46912731230259,355]
[226,42.112479027507554,-86.46913636475801,354]
[227,42.11250066595453,-86.4691423997283,353]
[228,42.11242953264135,-86.4691648632288,356]
[229,42.11245216597692,-86.46917022764683,355]
[230,42.11247231212598,-86.46917860955,354]
[231,42.11246783520451,-86.46920643746853,360]
[232,42.11244644546429,-86.46919537335634,359]
[233,42.1124270454611,-86.46919034421444,358]
[234,42.11241834032955,-86.46923560649157,358]
[235,42.11243798905337,-86.46924532949924,359]
[236,42.11245937879646,-86.46925069391727,360]
[237,42.11245291213069,-86.46927583962679,361]
[238,42.11243152238544,-86.46926812827587,362]
[239,42.112412619813874,-86.46926209330559,363]
[240,42.11240441211655,-86.46930702030659,363]
[241,42.11242306597253,-86.46931238472462,362]
[242,42.112444455720635,-86.46931976079941,361]
[243,42.11239769672706,-86.46933116018772,365]
[244,42.112420330074,-86.46933618932962,366]
[245,42.11244196854099,-86.46934658288956,367]
[246,42.11228826064978,-86.46927081048489,369]
[247,42.11229273758392,-86.46923828870058,370]
[248,42.11229845811041,-86.46921548992395,371]
[249,42.11227955549915,-86.46920543164015,375]
[250,42.11227582471996,-86.46923460066319,374]
[251,42.11226935803546,-86.46926242858171,373]
[252,42.11223578100933,-86.46925203502178,373]
[253,42.11224349129098,-86.46922085434198,374]
[254,42.11224796822828,-86.46919537335634,375]
[255,42.11223006047717,-86.46919034421444,383]
[256,42.112223842506836,-86.46921683102846,382]
[257,42.11221886813016,-86.46924700587988,381]
[258,42.11229074783545,-86.46915514022112,376]
[259,42.112272342659146,-86.46914776414633,377]
[260,42.11225269388398,-86.46913904696703,378]
[261,42.11223105535236,-86.46913267672062,379]
[262,42.11223677588442,-86.4691075310111,384]
[263,42.11225891185146,-86.46911758929491,385]
[264,42.11227582471996,-86.4691236242652,386]
[265,42.11229447861378,-86.4691299945116,387]
[266,42.112327060735154,-86.46909344941378,69]
[267,42.11230766069544,-86.46908607333899,387]
[268,42.11228602218257,-86.46907735615969,386]
[269,42.112267368286254,-86.4690699800849,385]
[270,42.1122701041914,-86.46904349327087,391]
[271,42.11229074783545,-86.46905187517405,390]
[272,42.11231213762821,-86.46906092762947,389]
[273,42.11233178638498,-86.46906863898039,388]
[274,42.11234098896515,-86.46902203559875,388]
[275,42.112319599182115,-86.46901432424784,389]
[276,42.11229895554748,-86.46900963038206,390]
[277,42.11228229140376,-86.46900057792664,391]
[278,42.11228701705689,-86.46897409111261,392]
[279,42.11230368119937,-86.46898314356804,393]
[280,42.11232606586147,-86.46898951381445,394]
[281,42.11234670948729,-86.46899688988924,395]
[282,42.11233452228733,-86.46894626319408,394]
[283,42.11231288378364,-86.46893754601479,393]
[284,42.11229323502101,-86.46892983466387,392]
[285,42.11229796067334,-86.46890468895435,398]
[286,42.11232258380343,-86.46891374140978,397]
[287,42.11233999409169,-86.4689214527607,396]
[288,42.11242008135594,-86.46874945610762,399]
[289,42.11240068134471,-86.46874073892832,400]
[290,42.112379042863616,-86.46873537451029,401]
[291,42.11235839924832,-86.46872699260712,402]
[292,42.112363124895786,-86.4687005057931,403]
[293,42.112384514664114,-86.4687092229724,404]
[294,42.11240615314335,-86.46871659904718,405]
[295,42.112422817254505,-86.46872565150261,406]
[296,42.11243400956551,-86.46868038922548,406]
[297,42.11241286853195,-86.46867167204618,405]
[298,42.11239123005503,-86.46866396069527,404]
[299,42.11239794544521,-86.46864116191864,409]
[300,42.112418091611495,-86.46865021437407,408]
[301,42.112437740335395,-86.46865624934435,407]
[302,42.112449927515506,-86.46860830485821,407]
[303,42.11242679674307,-86.46859992295504,408]
[304,42.11240615314335,-86.468594558537,409]
[305,42.112410878787244,-86.46856807172298,410]
[306,42.11242953264135,-86.46857712417841,411]
[307,42.11245365828447,-86.46858617663383,412]
[308,42.11246236341119,-86.46854057908058,412]
[309,42.112440724951135,-86.46853052079678,411]
[310,42.11241908648373,-86.46852314472198,410]
[311,42.112424806998824,-86.46850302815437,414]
[312,42.112444455720635,-86.46850638091564,415]
[313,42.11246385571851,-86.46851409226656,416]
[314,42.11257428636241,-86.4685895293951,418]
[315,42.11256980944817,-86.46861366927624,419]
[316,42.11256408894616,-86.46864518523216,420]
[317,42.112581001733204,-86.46864786744118,426]
[318,42.11258771710328,-86.46862238645554,427]
[319,42.11259318888579,-86.46859724074602,428]
[320,42.11262577085361,-86.46860495209694,428]
[321,42.11261905548758,-86.46863378584385,427]
[322,42.1126118426862,-86.46866261959076,426]
[323,42.112635968259966,-86.46866999566555,429]
[324,42.112636963128764,-86.46864015609026,430]
[325,42.11264342977575,-86.46861232817173,431]
[326,42.11264890155343,-86.4685895293951,432]
[327,42.112551155635366,-86.46868541836739,421]
[328,42.11257080431802,-86.46869145333767,422]
[329,42.112591199146756,-86.46869916468859,423]
[330,42.112608858078524,-86.46870821714401,424]
[331,42.112632486218956,-86.46871324628592,425]
[332,42.11254643000193,-86.46871190518141,434]
[333,42.11256607868605,-86.4687192812562,435]
[334,42.11258373762481,-86.46872565150261,436]
[335,42.112607117057294,-86.46873336285353,437]
[336,42.11262577085361,-86.46873939782381,438]
[337,42.11259691964631,-86.46877828985453,437]
[338,42.11257528123221,-86.46876856684685,436]
[339,42.1125578710086,-86.46876320242882,435]
[340,42.11253722745155,-86.46875683218241,434]
[341,42.112532501817064,-86.46877828985453,439]
[342,42.112552150505515,-86.46879103034735,440]
[343,42.11257179918786,-86.46879572421312,441]
[344,42.11259219401627,-86.46880343556404,442]
[345,42.112584732494454,-86.46884635090828,442]
[346,42.11256408894616,-86.46883729845285,441]
[347,42.11254543513167,-86.46882891654968,440]
[348,42.11243276597548,-86.46906863898039,349,350,351,352,57,55,357]
[349,42.112450673669336,-86.46907366812229,223,348,350,351,352]
[350,42.11247032238313,-86.46908272057772,222,348,349,351,352]
[351,42.1124924582686,-86.46909110248089,221,348,349,350,352]
[352,42.11250937107478,-86.46909646689892,220,348,349,350,351]
[353,42.11249917364807,-86.46916184574366,227,354]
[354,42.112480519814476,-86.46915681660175,226,230,353,355,356,357]
[355,42.112458135206936,-86.46915078163147,225,229,354,356,357]
[356,42.11243749161741,-86.46914307028055,224,228,354,355,357]
[357,42.112417842893414,-86.46913670003414,348,57,55,354,355,356]
[358,42.11242555315293,-86.46921314299107,233,234,58,359,360]
[359,42.112441471105065,-86.46921951323748,232,235,58,358,360]
[360,42.112462612129065,-86.46922588348389,231,236,58,358,359]
[361,42.11245042495138,-86.46929696202278,237,242,60,362,363]
[362,42.11242878648729,-86.46929059177637,238,241,60,361,363]
[363,42.11240714801576,-86.46928187459707,239,240,60,361,362]
[364,42.11237630696318,-86.46934825927019,60,61,7,365,366,367]
[365,42.11239520954558,-86.4693509414792,243,364,366,367]
[366,42.11241759417536,-86.4693596586585,244,364,365,367]
[367,42.112435999309476,-86.4693683758378,245,364,365,366]
[368,42.112302437606814,-86.46929729729891,7,372,380,369,370,371]
[369,42.1123044273549,-86.4692771807313,246,7,368,370,371]
[370,42.112309899161865,-86.4692510291934,247,64,368,369,371]
[371,42.11231661456067,-86.46921917796135,248,65,368,369,370]
[372,42.112251201571695,-86.46927952766418,368,380,373,374,375,377]
[373,42.11225393747753,-86.46925706416368,251,252,372,374,375,377]
[374,42.112258414414086,-86.46922688931227,250,253,372,373,375,377]
[375,42.112263140069,-86.46920409053564,249,254,372,373,374,377]
[376,42.11228850936834,-86.46918397396803,258,66,378,379]
[377,42.11226985547277,-86.46917257457972,259,372,373,374,375,378,379]
[378,42.112248216946995,-86.46916285157204,260,376,377,379]
[379,42.11222707585147,-86.46915514022112,261,67,376,377,378]
[380,42.11219225520821,-86.46925806999207,368,372,381,382,383]
[381,42.112196234711256,-86.46924197673798,257,380,382,383]
[382,42.11220170652756,-86.46920945495367,256,380,381,383]
[383,42.11220717834337,-86.46918296813965,255,67,380,381,382]
[384,42.11224100410346,-86.46908439695835,262,68,19,385,386,387]
[385,42.112263140069,-86.46909210830927,263,269,19,384,386,387]
[386,42.112281047810775,-86.46909981966019,264,268,384,385,387]
[387,42.11230343248086,-86.46910719573498,265,267,69,384,385,386]
[388,42.112337755626314,-86.46904684603214,273,274,73,389,390,391]
[389,42.11231661456067,-86.46903678774834,272,275,388,390,391]
[390,42.11229597092505,-86.46903175860643,271,276,388,389,391]
[391,42.11227657087579,-86.46902404725552,270,277,74,388,389,390]
[392,42.11229074783545,-86.46895598620176,278,284,78,393,394,395]
[393,42.112310396598836,-86.46896000951529,279,283,392,394,395]
[394,42.11233079151134,-86.46897107362747,280,282,392,393,395]
[395,42.112351435135615,-86.46897610276937,281,75,392,393,394]
[396,42.112342729993685,-86.46889965981245,287,397,398]
[397,42.112322335085,-86.46889194846153,286,80,396,398]
[398,42.112304676073414,-86.46888557821512,285,21,80,396,397]
[399,42.11241311725003,-86.46877158433199,288,86,400,401,402]
[400,42.11239520954558,-86.46876521408558,289,399,401,402]
[401,42.11237580952671,-86.46875884383917,290,399,400,402]
[402,42.1123534248822,-86.46875012665987,291,87,399,400,401]
[403,42.11236735310637,-86.46868072450161,292,88,34,404,405,406]
[404,42.11238899159146,-86.46869111806154,293,298,34,403,405,406]
[405,42.11240864032439,-86.4686931297183,294,297,403,404,406]
[406,42.112430776231406,-86.46870218217373,295,296,90,403,404,405]
[407,42.112440973669116,-86.46863278001547,301,302,93,408,409]
[408,42.11242356340863,-86.46862506866455,300,303,407,409]
[409,42.112403914680314,-86.46861802786589,299,304,94,407,408]
[410,42.112416848021155,-86.46854594349861,305,310,95,411,412]
[411,42.11243749161741,-86.46855633705854,306,309,410,412]
[412,42.11245788648903,-86.46856002509594,307,308,97,410,411]
[413,42.11241734545729,-86.46847184747458,95,414,415,416,417]
[414,42.11243127366744,-86.46847955882549,311,413,415,416,417]
[415,42.112451917258994,-86.4684845879674,312,413,414,416,417]
[416,42.11247330699735,-86.4684933051467,313,413,414,415,417]
[417,42.112489971090845,-86.4684983342886,413,414,415,416,98,43]
[418,42.11256185048872,-86.46858282387257,314,43,99,419,420]
[419,42.1125526479406,-86.46861031651497,315,418,420]
[420,42.11254593256679,-86.4686381444335,316,101,418,419]
[421,42.11255811972612,-86.46866597235203,327,101,422,423,424,425]
[422,42.112578763276346,-86.46867200732231,328,421,423,424,425]
[423,42.11259468119001,-86.46867837756872,329,421,422,424,425,426,427,428]
[424,42.11261482729378,-86.46868743002415,330,421,422,423,425]
[425,42.112636465694365,-86.46869447082281,331,102,421,422,423,424]
[426,42.112599904254566,-86.4686555787921,317,322,423,427,428]
[427,42.11260487860135,-86.46863043308258,318,321,423,426,428]
[428,42.11261035038239,-86.46860294044018,319,320,423,426,427]
[429,42.11264865283629,-86.4686743542552,323,102,430,431,432]
[430,42.11265437333065,-86.46864719688892,324,429,431,432]
[431,42.112659596390294,-86.46861802786589,325,429,430,432]
[432,42.11266531688368,-86.46859388798475,326,429,430,431]
[433,42.11252479157058,-86.46872866898775,105,103,434,435,436,437]
[434,42.11254220180327,-86.46873470395803,340,332,433,435,436,437]
[435,42.11256483509861,-86.46874241530895,333,339,433,434,436,437]
[436,42.11258050429837,-86.46874777972698,334,338,433,434,435,437]
[437,42.11260562475335,-86.46875280886889,335,337,433,434,435,436,438]
[438,42.11262353239836,-86.46875884383917,336,437]
[439,42.112529268488004,-86.4688017591834,341,105,440,441,442]
[440,42.11254891717747,-86.46880812942982,342,347,439,441,442]
[441,42.112569560730705,-86.46881584078074,343,346,439,440,442]
[442,42.11258796582067,-86.4688228815794,344,345,439,440,441]
[443,42.11202586201298,-86.46822910755873,584]
[444,42.1120390441505,-86.46825291216373,585]
[445,42.11204750061466,-86.46827436983585,586]
[446,42.11201765426558,-86.46829716861248,586]
[447,42.112009197797455,-86.46827571094036,585]
[448,42.11199999516909,-86.46825056523085,584]
[449,42.11198979766045,-86.4682237431407,583]
[450,42.111970148797674,-86.46823916584253,173]
[451,42.11198308222701,-86.46825928241014,589]
[452,42.11199228485782,-86.46828945726156,588]
[453,42.11200372596454,-86.46830957382917,587]
[454,42.11197487447409,-86.4683374017477,587]
[455,42.11196044872394,-86.46831192076206,588]
[456,42.111952240968066,-86.46828409284353,589]
[457,42.111938312652654,-86.46829951554537,590]
[458,42.111946520410335,-86.46832432597876,591]
[459,42.111955225606685,-86.4683498069644,592]
[460,42.11191766889383,-86.46834578365088,591]
[461,42.111909461132434,-86.4683236554265,590]
[462,42.11189453792715,-86.46829951554537,175]
[463,42.11187861983766,-86.46830689162016,594]
[464,42.11189055840514,-86.4683360606432,595]
[465,42.11190025848959,-86.4683585241437,596]
[466,42.11187115823183,-86.46838031709194,596]
[467,42.11186270174416,-86.46835550665855,595]
[468,42.11185051445115,-86.46833170205355,594]
[469,42.11183459635057,-86.46834544837475,599]
[470,42.11184330156232,-86.46837059408426,598]
[471,42.11185424525537,-86.46839439868927,597]
[472,42.11182539369686,-86.4684185385704,597]
[473,42.11181693720309,-86.46839205175638,598]
[474,42.111803008857954,-86.46836556494236,599]
[475,42.11178808562763,-86.46838299930096,602]
[476,42.1117990293302,-86.46840680390596,603]
[477,42.11180872942864,-86.46842826157808,604]
[478,42.11174057998765,-86.46822776645422,606]
[479,42.11175848787707,-86.46821402013302,607]
[480,42.11177714192315,-86.4681975916028,608]
[481,42.111766695658005,-86.4681737869978,614]
[482,42.11175177241913,-86.46818988025188,613]
[483,42.11173237220332,-86.46820362657309,612]
[484,42.11171371814407,-86.46816205233335,612]
[485,42.11173336708632,-86.46814864128828,613]
[486,42.111750777536415,-86.46813221275806,614]
[487,42.11174530568118,-86.46810706704855,621]
[488,42.111723915697134,-86.46812584251165,620]
[489,42.11170600779796,-86.46813824772835,619]
[490,42.11177515215849,-86.46807789802551,617]
[491,42.11178385737839,-86.46810304373503,616]
[492,42.11179504980222,-86.46812718361616,615]
[493,42.11180325757842,-86.46815232932568,610]
[494,42.11181171407403,-86.46817747503519,609]
[495,42.11183011938407,-86.46816607564688,629]
[496,42.111819921848095,-86.46813958883286,628]
[497,42.11181171407403,-86.46811343729496,627]
[498,42.111800272932655,-86.46808829158545,626]
[499,42.11178833434815,-86.46806683391333,624]
[500,42.1118298706637,-86.4680678397417,626]
[501,42.111839073316766,-86.46809298545122,627]
[502,42.11184777852788,-86.46811310201883,628]
[503,42.1118579760594,-86.46814227104187,629]
[504,42.11187563519543,-86.46812818944454,631]
[505,42.11186369662513,-86.46810170263052,632]
[506,42.11185499141617,-86.4680789038539,633]
[507,42.11184777852788,-86.4680540934205,634]
[508,42.111877624956925,-86.46803162992,634]
[509,42.11188583272244,-86.46805543452501,633]
[510,42.111897025128286,-86.4680789038539,632]
[511,42.11190448673107,-86.46810539066792,631]
[512,42.111922394574165,-86.46809197962284,640]
[513,42.111914684253456,-86.4680664986372,639]
[514,42.11190374057083,-86.4680440351367,638]
[515,42.11189155328568,-86.46801855415106,637]
[516,42.111920404814065,-86.46799374371767,637]
[517,42.111931597213776,-86.46801989525557,638]
[518,42.111942789611525,-86.46804504096508,639]
[519,42.1119587076849,-86.46802894771099,642]
[520,42.11194851016962,-86.46800614893436,643]
[521,42.111939804972316,-86.46798368543386,645]
[522,42.112070880244914,-86.46791260689497,649]
[523,42.11208281877621,-86.46793406456709,650]
[524,42.11209326498924,-86.46796323359013,651]
[525,42.11210147272685,-86.46798469126225,652]
[526,42.112118385637324,-86.46797563880682,655]
[527,42.11210719327059,-86.46795082837343,656]
[528,42.11209774193715,-86.46792434155941,657]
[529,42.11208853932166,-86.46790020167828,659]
[530,42.112126842090895,-86.4679042249918,657]
[531,42.112137039577505,-86.46792769432068,656]
[532,42.11214922681543,-86.46795216947794,655]
[533,42.11216414996075,-86.46793942898512,664]
[534,42.112154947354895,-86.46791160106659,663]
[535,42.112143754994605,-86.46788880228996,662]
[536,42.11217360128429,-86.46786600351334,662]
[537,42.112182803887436,-86.46789249032736,663]
[538,42.11219399624081,-86.46791663020849,664]
[539,42.11221165528323,-86.46790288388729,666]
[540,42.11220145780864,-86.46787907928228,667]
[541,42.11219101161344,-86.46785225719213,668]
[542,42.112220857880885,-86.46782979369164,668]
[543,42.11222956303956,-86.46785493940115,667]
[544,42.112241501540964,-86.46787907928228,666]
[545,42.112255678508454,-86.46786600351334,673]
[546,42.112247222072085,-86.46784119307995,672]
[547,42.11223976050963,-86.46781839430332,671]
[548,42.11230616838445,-86.46800950169563,676]
[549,42.112314376094474,-86.46803565323353,677]
[550,42.11232457355091,-86.46806214004755,678]
[551,42.11233402485053,-86.46808493882418,679]
[552,42.1123432274304,-86.46811008453369,680]
[553,42.112314376094474,-86.4681302011013,680]
[554,42.11230616838445,-86.46810874342918,679]
[555,42.11229671708065,-86.46808225661516,678]
[556,42.11228254012235,-86.46805945783854,676]
[557,42.112276819594435,-86.46803431212902,676]
[558,42.112258414414086,-86.46804705262184,214]
[559,42.112269606754104,-86.46806985139847,684]
[560,42.112279804217756,-86.46809969097376,683]
[561,42.11228826064978,-86.46812114864588,682]
[562,42.11229845811041,-86.4681439474225,681]
[563,42.11226861187952,-86.46816674619913,681]
[564,42.11225940928884,-86.468142606318,682]
[565,42.11225095285298,-86.46811980754137,683]
[566,42.11223976050963,-86.46809499710798,684]
[567,42.11222284763154,-86.4681063964963,685]
[568,42.112231552789964,-86.4681352302432,686]
[569,42.112241750259706,-86.46815668791533,687]
[570,42.11225368875881,-86.46818283945322,688]
[571,42.11221090912663,-86.4681801572442,687]
[572,42.11220220396539,-86.46815534681082,686]
[573,42.11219399624081,-86.4681302011013,685]
[574,42.11218379876339,-86.46810874342918,217]
[575,42.11216713458939,-86.46811813116074,692]
[576,42.11217733206951,-86.46814327687025,691]
[577,42.112186783391095,-86.46816808730364,690]
[578,42.11219325008398,-86.46819356828928,689]
[579,42.112169124341726,-86.46821368485689,689]
[580,42.11215793198395,-86.46818820387125,690]
[581,42.11214649090509,-86.46816473454237,691]
[582,42.11199352845648,-86.46818988025188,171,172,583,584,585,586]
[583,42.11200397468425,-86.46821267902851,449,582,584,585,586]
[584,42.11201243115306,-86.46823782473803,443,448,582,583,585,586]
[585,42.11202188249922,-86.46826263517141,444,447,582,583,584,586]
[586,42.11203382103973,-86.46828677505255,445,446,582,583,584,585]
[587,42.11199004638018,-86.468322314322,453,454,588,589]
[588,42.11197761039186,-86.46829951554537,452,455,587,589]
[589,42.1119666667201,-86.46827436983585,451,456,173,587,588]
[590,42.11192189713414,-86.46831057965755,457,461,175,591]
[591,42.11193483057332,-86.46833471953869,458,460,590,592]
[592,42.11194428193106,-86.46835718303919,459,591]
[593,42.111855986297265,-86.46829582750797,176,177,594,595,596]
[594,42.111865188946545,-86.468322314322,463,468,593,595,596]
[595,42.11187712751657,-86.46834645420313,464,467,593,594,596]
[596,42.111884837841835,-86.46837260574102,465,466,593,594,595]
[597,42.11184006819809,-86.46840814501047,472,471,600,599,598]
[598,42.111828627061826,-86.46838031709194,473,470,600,599,597]
[599,42.111818429525606,-86.46835751831532,474,469,600,598,597]
[600,42.111811216633136,-86.46833371371031,177,601,179,599,598,597]
[601,42.11176644693738,-86.46836992353201,600,178,602,603,604,168]
[602,42.11177664448198,-86.46839272230864,475,601,603,604]
[603,42.11178684202492,-86.46841786801815,476,601,602,604]
[604,42.11179629340472,-86.46844167262316,477,601,602,603]
[605,42.11173759533892,-86.46826028823853,611,618,606,607,608]
[606,42.111752518581156,-86.46825257688761,478,605,607,608]
[607,42.11177415727613,-86.46823950111866,479,179,605,606,608]
[608,42.111789080509766,-86.46822709590197,480,179,180,605,606,607]
[609,42.1117992780507,-86.46819222718477,494,180,610,615,616,617,622]
[610,42.111787090745466,-86.46816439926624,493,609,615,616,617,622]
[611,42.111708743727334,-86.46819323301315,605,618,612,613,614,615]
[612,42.11172267209318,-86.46818183362484,483,484,611,615,613,614]
[613,42.11174207231196,-86.46816808730364,482,485,611,615,612,614]
[614,42.11175923403901,-86.46815299987793,481,486,611,615,612,613]
[615,42.11177763936429,-86.46814160048962,492,609,610,616,617,622,611,612,613,614]
[616,42.11176744181985,-86.46811880171299,491,609,610,615,617,622]
[617,42.111757244273775,-86.4680903032422,490,609,610,615,616,622]
[618,42.111683374195934,-86.46812651306391,605,611,619,620,621,622,623]
[619,42.11169829745094,-86.4681151136756,489,618,620,621,622,623]
[620,42.11171595663145,-86.46810539066792,488,618,619,621,622,623]
[621,42.11173386452782,-86.46809164434671,487,618,619,620,622,623]
[622,42.11175052881571,-86.46807219833136,609,610,615,616,617,618,619,620,621,623]
[623,42.11179728828673,-86.46803464740515,618,619,620,621,622,624,625,626,627,628,629]
[624,42.11180748582637,-86.46805342286825,499,623,625,626,627,628,629]
[625,42.1118084807082,-86.46806113421917,623,624,626,627,628,629,635,636,646]
[626,42.11181693720309,-86.46808259189129,498,500,623,624,625,627,628,629]
[627,42.11182539369686,-86.46810539066792,497,501,623,624,625,626,628,629]
[628,42.11183484507094,-86.46812919527292,496,502,623,624,625,626,627,629]
[629,42.111845042604514,-86.46815299987793,495,503,182,623,624,625,626,627,628]
[630,42.11190075592977,-86.4681389182806,183,184,641,631,632,633,634,635]
[631,42.11189055840514,-86.4681164547801,504,511,630,632,633,634,635]
[632,42.11188036087889,-86.46809365600348,505,510,630,631,633,634,635]
[633,42.11187090951161,-86.46807119250298,506,509,630,631,632,634,635]
[634,42.11186071198218,-86.46804571151733,507,508,630,631,632,633,635]
[635,42.11185325037426,-86.46802358329296,625,630,631,632,633,634,636,646]
[636,42.111899761049415,-86.46798938512802,625,635,646,637,638,639,640,641]
[637,42.111909461132434,-86.46800816059113,515,516,636,638,639,640,641]
[638,42.11191766889383,-86.46803196519613,514,517,636,637,639,640,641]
[639,42.111928115134084,-86.46805878728628,513,518,636,637,638,640,641]
[640,42.111935328013246,-86.46808259189129,512,636,637,638,639,641]
[641,42.11194403321115,-86.4681063964963,630,184,636,637,638,639,640]
[642,42.111976366792895,-86.46802492439747,519,646,158,643,644,645]
[643,42.11196517440107,-86.46800078451633,520,646,642,644,645]
[644,42.11195597176632,-86.46798335015774,646,642,643,645,647,186]
[645,42.11195497688681,-86.46797429770231,521,646,642,643,644]
[646,42.111945525530665,-86.4679541811347,625,635,636,645,644,643,642]
[647,42.112007208040104,-86.467941775918,644,192,648,660]
[648,42.11205197756579,-86.46790388971567,647,660,649,650,651,652,653]
[649,42.112060185308735,-86.46792400628328,522,648,650,651,652,653]
[650,42.112068641770044,-86.4679504930973,523,648,649,651,652,653]
[651,42.112078341827235,-86.46797463297844,524,648,649,650,652,653]
[652,42.11208928547971,-86.46799944341183,525,648,649,650,651,653]
[653,42.112099482972376,-86.46802458912134,648,649,650,651,652,193,194]
[654,42.112145247309435,-86.46798837929964,194,195,655,656,657,658,659,660]
[655,42.11213504982415,-86.46796558052301,526,532,654,656,657,658,659,660]
[656,42.11212360874114,-86.4679404348135,527,531,654,655,657,658,659,660]
[657,42.11211341125237,-86.46791528910398,628,530,654,655,656,658,659,660]
[658,42.11210719327059,-86.46789617836475,654,655,656,657,659,660,661,669,670]
[659,42.112103462481244,-86.46789249032736,529,654,655,656,657,658,660]
[660,42.11209674705987,-86.46786902099848,647,648,654,655,656,657,658,659]
[661,42.1121529576021,-86.46785996854305,658,669,670,662,663,664]
[662,42.11216116533197,-86.46788142621517,535,536,661,663,664]
[663,42.112123111302694,-86.46793909370899,534,537,661,662,664]
[664,42.112180814135534,-86.46792937070131,533,538,197,661,662,663]
[665,42.112234786134195,-86.46791394799948,198,199,666,667,668,669]
[666,42.1122255835386,-86.46789383143187,539,544,665,667,668,669]
[667,42.11221613222279,-86.46786767989397,540,543,665,666,668,669]
[668,42.11220792450005,-86.46784354001284,541,542,665,666,667,669]
[669,42.112196732149116,-86.46782107651234,658,661,670,665,666,667,668]
[670,42.11224647591587,-86.46778620779514,658,661,669,671,672,673,674]
[671,42.11225418619622,-86.46780733019114,547,670,672,673,674]
[672,42.11226438366234,-86.46783012896776,546,670,671,673,674]
[673,42.112273586252314,-86.46785661578178,545,670,671,672,674]
[674,42.112281047810775,-86.4678767323494,670,671,672,673,199,210]
[675,42.11228303755955,-86.46799743175507,211,212,676,677,678,679,680]
[676,42.11229124527257,-86.4680252596736,548,557,675,677,678,679,680]
[677,42.11229945298453,-86.46804872900248,549,556,675,676,678,679,680]
[678,42.11230965044338,-86.46807286888361,550,555,675,676,677,679,680]
[679,42.11231984790057,-86.46809801459312,551,554,675,676,677,678,680]
[680,42.1123290504825,-86.46812349557877,552,553,675,676,677,678,679]
[681,42.11228527602683,-86.46815970540047,563,562,682,683,684]
[682,42.11227507856407,-86.46813455969095,564,561,681,683,684]
[683,42.112263886225016,-86.46811041980982,565,560,681,682,684]
[684,42.11225542978974,-86.46808795630932,566,559,214,681,682,683]
[685,42.11220767578116,-86.46812081336975,567,573,217,686,687,]
[686,42.11222011172436,-86.46814730018377,568,572,685,687]
[687,42.11223205022755,-86.46816875785589,569,571,685,686,688]
[688,42.11224224769721,-86.46819356828928,570,687]
[689,42.1121835500444,-86.46820764988661,578,579,690,691,692,693]
[690,42.11217161153208,-86.4681825041771,577,580,689,691,692,693]
[691,42.11216191148916,-86.46815467625856,576,581,689,690,692,693]
[692,42.1121546986358,-86.46813321858644,575,689,690,691,693]
[693,42.11214325755633,-86.46810438483953,218,219,689,690,691,692]