[0,42.11254643000193,-86.46891843527555,37]
[1,42.11256408894616,-86.46887183189392,38]
[2,42.11252130952346,-86.46882120519876,80]
[3,42.11252703002934,-86.46896839141846,40,41,42,43,62]
[4,42.11246883007598,-86.46897878497839,44]
[5,42.112438486489346,-86.46896336227655,44]
[6,42.11242132494623,-86.46895330399275,42]
[7,42.11239819416334,-86.46894458681345,43]
[8,42.112414112122366,-86.46901868283749,46]
[9,42.112396453136334,-86.46900996565819,61]
[10,42.112384265945934,-86.4690937846899,59]
[11,42.11237406849909,-86.46913535892963,47,55,56]
[12,42.112368596697685,-86.46917056292295,54]
[13,42.112379789018256,-86.46921079605818,48]
[14,42.112348947952334,-86.46920073777437,53]
[15,42.112373073626145,-86.4692496880889,50]
[16,42.112355663346996,-86.46923962980509,18]
[17,42.11233402485053,-86.46923091262579,51]
[18,42.11234795307898,-86.46929126232862,16,49,50,51,52,58,300]
[19,42.11229224014679,-86.46922823041677,83]
[20,42.11230616838445,-86.46915178745985,82]
[21,42.11235491719207,-86.46895296871662,60,61]
[22,42.11235243000892,-86.46884333342314,43,62,63,64,65]
[23,42.11235815053004,-86.4687792956829,65]
[24,42.112396204418175,-86.46879471838474,64]
[25,42.112464104436384,-86.46882724016905,63,39,66]
[26,42.11247654032927,-86.46875448524952,67]
[27,42.11248524545285,-86.46869916468859,68,79]
[28,42.112479524943204,-86.4686642959714,69]
[29,42.11250862492167,-86.46867670118809,78]
[30,42.11249743262383,-86.46864015609026,70]
[31,42.11249171211528,-86.46859757602215,71]
[32,42.112520563370495,-86.46860864013433,77]
[33,42.112494696728504,-86.4685620367527,73]
[34,42.11251509158173,-86.46857343614101,74]
[35,42.11253548642836,-86.4685794711113,75]
[36,42.112509619792476,-86.46851912140846,72,73,74,75,76,361]
[37,42.112526532594046,-86.4688916131854,0,38]
[38,42.11252802489987,-86.46886177361012,37,1,39,66]
[39,42.112496686470564,-86.46884500980377,38,40,63,25,66,80]
[40,42.11247703776494,-86.46894995123148,3,41,42,43,62,39]
[41,42.11245539930993,-86.46894089877605,3,40,42,43,62,44,45,47,48,49]
[42,42.11242928392332,-86.46893318742514,3,6,40,41,43,62]
[43,42.112401427499094,-86.46892212331295,3,7,40,41,42,22,62,63,64,65,66]
[44,42.11245092238726,-86.46896738559008,4,5,41,45,47,48,49]
[45,42.112447191618145,-86.46898750215769,46,41,44,47,48,49,279,280,281,282,303]
[46,42.112417842893414,-86.46897979080677,8,45]
[47,42.11241361468618,-86.46915212273598,41,44,45,48,49,11,55,56,302,301]
[48,42.11240316852598,-86.4692198485136,13,41,44,45,47,49,301]
[49,42.11238824543692,-86.46927550435066,41,44,45,47,48,50,51,52,18,58,300,294,295,296]
[50,42.11237232747143,-86.46927282214165,15,49,51,52,58,18]
[51,42.11232954791932,-86.46925672888756,17,49,50,52,58,18]
[52,42.11231736071605,-86.46925404667854,49,50,51,18,53,54,55,58,59,60,62]
[53,42.112327558172,-86.46919369697571,14,52,58,54,55,59,60,62]
[54,42.11233526844248,-86.46915681660175,12,52,58,53,55,59,60,62]
[55,42.11234148640187,-86.46912697702646,47,11,52,58,56,53,54,59,60,62,317]
[56,42.11228378371531,-86.46910417824984,47,11,57,81,82,55]
[57,42.11225095285298,-86.46927148103714,58,81,82,56,304,305,309]
[58,42.112306914539936,-86.46929159760475,49,50,51,18,52,53,54,55,57,59,60,62]
[59,42.112346212050596,-86.46909277886152,10,52,58,53,54,55,60,62,318]
[60,42.11237232747143,-86.46896068006754,61,21,52,58,53,54,55,59,62,329]
[61,42.112404163398445,-86.46897207945585,9,60,21]
[62,42.112385260818705,-86.46891072392464,3,40,41,42,52,58,53,54,55,59,60,43,22,63,64,65,330]
[63,42.112420578792054,-86.46883729845285,43,62,22,65,64,66,25,39]
[64,42.112389737746,-86.46883226931095,24,43,62,22,65,63]
[65,42.11235068898064,-86.46881718188524,23,43,62,22,64,63,335]
[66,42.11243102494941,-86.46880879998207,38,43,63,25,39,67,68,69,70,71,72,342]
[67,42.11244122238709,-86.46874107420444,26,66,68,69,70,71,72,342,343]
[68,42.11245216597692,-86.4686830714345,66,67,69,70,71,72,27,79,343]
[69,42.11245614546365,-86.46865658462048,28,66,67,68,70,71,72,353]
[70,42.11246335828274,-86.46862674504519,30,66,67,68,69,71,72,353]
[71,42.112469078793836,-86.46859254688025,31,66,67,68,69,70,72,354]
[72,42.11248300699261,-86.4685358852148,66,67,68,69,70,71,73,74,75,76,36,354,361]
[73,42.11249793005933,-86.46853990852833,33,72,36,74,75,76]
[74,42.112523050547054,-86.46854627877474,34,72,36,73,75,76]
[75,42.112543694108716,-86.46855600178242,35,72,36,73,74,76]
[76,42.112558617161156,-86.46856505423784,72,36,73,74,75,77,78,79,80,362,363,364,365]
[77,42.11254568384924,-86.46861903369427,32,76,78,79,80,362,363,364,365,366]
[78,42.112530760793746,-86.468684412539,29,76,77,79,80,366,381]
[79,42.112525040288226,-86.46871089935303,68,27,76,77,78,80,381,391]
[80,42.11250439672049,-86.46881550550461,2,76,77,78,79,39,391]
[81,42.112275576001316,-86.4691822975874,83,57,82,56,309]
[82,42.11228005293637,-86.46914575248957,20,57,81,56,315,312]
[83,42.11228378371531,-86.4691873267293,19,81]
[84,42.11210470607772,-86.46823816001415,85]
[85,42.11210172144615,-86.46819021552801,84,87]
[86,42.11213927804995,-86.46821938455105,87]
[87,42.11212336002192,-86.4681751281023,85,86,88,145]
[88,42.11210570095489,-86.46813455969095,87,90,143,145,130]
[89,42.11206466225898,-86.46824084222317,90]
[90,42.112036805674514,-86.46818652749062,88,89,91,92,93]
[91,42.11202436969535,-86.468166410923,90,111,92,93]
[92,42.11200745675976,-86.46811980754137,90,96,91,93,129,125,128]
[93,42.11199352845648,-86.46807555109262,90,91,92,122,125,128,129,592]
[94,42.11201790298521,-86.46820060908794,111]
[95,42.11200397468425,-86.4681563526392,111]
[96,42.11199004638018,-86.46812349557877,92]
[97,42.11197711295227,-86.46814495325089,122]
[98,42.11193955625238,-86.46816372871399,99]
[99,42.11195248968795,-86.46819289773703,98,100]
[100,42.11193383569348,-86.46820798516273,99,112]
[101,42.11189453792715,-86.46820764988661,121]
[102,42.11194204345174,-86.46826162934303,123]
[103,42.11192637409415,-86.46827302873135,124]
[104,42.111870412071205,-86.4682287722826,113,120]
[105,42.11184877340908,-86.46824520081282,119]
[106,42.111832855308094,-86.46827906370163,114]
[107,42.11181793208477,-86.46824017167091,118]
[108,42.11179679084574,-86.46828677505255,117]
[109,42.11175923403901,-86.46831460297108,115,116,554]
[110,42.111952240968066,-86.46807286888361,122]
[111,42.11200820291878,-86.46817713975906,94,91,95,112,113,114,115,531]
[112,42.111947017850156,-86.4682287722826,111,100,113,114,115,123,531,539]
[113,42.11189553280763,-86.46826397627592,111,112,124,114,115,104,120,539,546]
[114,42.11184603748576,-86.46830420941114,111,112,113,115,106,546,547]
[115,42.11178808562763,-86.46834712475538,111,112,113,114,109,116,547,554]
[116,42.11175003137434,-86.46825425326824,109,115,117,118,119,120,121,122,555,556]
[117,42.11177888296715,-86.46823413670063,108,116,118,119,120,121,122,557,558]
[118,42.111805993503594,-86.468211337924,107,116,117,119,120,121,122,558,559]
[119,42.111832855308094,-86.46819457411766,105,116,117,118,120,121,122]
[120,42.11185349909455,-86.46817445755005,113,104,116,117,118,119,121,122,579]
[121,42.11187588391562,-86.46816205233335,101,116,117,118,119,120,122,580]
[122,42.11195995128422,-86.46809935569763,97,110,116,117,118,119,120,121,93,591]
[123,42.11195895640476,-86.46825022995472,112,102,399,538]
[124,42.11191145089286,-86.46828543394804,103,113,411,540,539]
[125,42.112011684994094,-86.46800514310598,93,92,129,128]
[126,42.112040536467795,-86.46794814616442,128]
[127,42.11206739817288,-86.46799877285957,131]
[128,42.1120164106674,-86.46796826273203,93,92,125,126,129,597]
[129,42.11205346988276,-86.46805509924889,93,92,125,128,130]
[130,42.112076849510856,-86.46804537624121,88,129,145,131]
[131,42.1120863008474,-86.46803632378578,127,130,132,133,134,135,136,137,603]
[132,42.11211987795274,-86.46800111979246,131,133,134,135,136,137,146,603,604]
[133,42.11215917557936,-86.46797597408295,131,132,134,135,136,137,142,147,604]
[134,42.11217409872233,-86.46796222776175,131,132,133,148,135,136,137]
[135,42.1121944936787,-86.46795183420181,131,132,133,134,150,136,137,614]
[136,42.112221355318546,-86.4679280295968,131,132,133,134,135,151,137,615]
[137,42.112260901600926,-86.46790187805891,131,132,133,134,135,136,138,139,615,624]
[138,42.11227856062472,-86.4679454639554,137,139,624]
[139,42.11229447861378,-86.46798837929964,137,138,143,140,141,142,625]
[140,42.11225891185146,-86.46802257746458,152,143,139,141,142,625,636]
[141,42.112214142471935,-86.46805241703987,149,143,139,140,142,636,637]
[142,42.112190016737614,-86.4680664986372,133,147,143,139,140,141,637,647]
[143,42.1121293292829,-86.46811679005623,88,144,142,141,140,139,647]
[144,42.112135795981644,-86.46813824772835,143]
[145,42.112095752182576,-86.46809063851833,88,87,130]
[146,42.11214052164571,-86.46805174648762,132]
[147,42.11217658591248,-86.46802760660648,133,142]
[148,42.112187032110064,-86.46798972040415,134]
[149,42.11220021421407,-86.4680252596736,141]
[150,42.112213147596464,-86.46799340844154,135]
[151,42.11223105535236,-86.46795451641083,136]
[152,42.112244983603425,-86.46799206733704,140]
[153,42.11248897621973,-86.46898448467255,280]
[154,42.112511609534074,-86.46899487823248,281]
[155,42.11253051207613,-86.4690025895834,282]
[156,42.11251907106452,-86.46904651075602,282]
[157,42.11250116339,-86.4690387994051,281]
[158,42.112479027507554,-86.46903242915869,280]
[159,42.11246211469329,-86.4690250530839,279]
[160,42.1124539070024,-86.4690525457263,286]
[161,42.11247430186872,-86.46905891597271,285]
[162,42.112493950575214,-86.46906528621912,284]
[163,42.11251558901709,-86.46907165646553,283]
[164,42.11250688389769,-86.46911658346653,283]
[165,42.11248624032402,-86.46910820156336,284]
[166,42.112466840333035,-86.46910183131695,285]
[167,42.112444455720635,-86.46909646689892,286]
[168,42.11243798905337,-86.46912060678005,287]
[169,42.11246111982174,-86.46912831813097,288]
[170,42.112481763403544,-86.46913602948189,289]
[171,42.112503153131854,-86.46914441138506,290]
[172,42.11247330699735,-86.46917961537838,289]
[173,42.11245291213069,-86.4691735804081,288]
[174,42.1124332634115,-86.46916586905718,287]
[175,42.11242406084472,-86.4691886678338,293]
[176,42.112447191618145,-86.46919839084148,292]
[177,42.112466840333035,-86.46920375525951,291]
[178,42.112457389053205,-86.46925035864115,291]
[179,42.112437740335395,-86.46924197673798,292]
[180,42.11242008135594,-86.46923694759607,293]
[181,42.112412619813874,-86.46925941109657,294]
[182,42.11243301469351,-86.469268463552,295]
[183,42.11245365828447,-86.46927583962679,296]
[184,42.11244495315656,-86.4693184196949,296]
[185,42.112424806998824,-86.46931137889624,295]
[186,42.112404163398445,-86.46930366754532,294]
[187,42.11239869159962,-86.46933015435934,299]
[188,42.11242008135594,-86.46933484822512,298]
[189,42.11244047623319,-86.46934490650892,297]
[190,42.11222657841387,-86.46924264729023,304]
[191,42.112234786134195,-86.46921750158072,308]
[192,42.11224871438447,-86.46917190402746,308]
[193,42.11222856816435,-86.46916687488556,307]
[194,42.112233293821475,-86.46913703531027,311]
[195,42.11225443491493,-86.46914809942245,312]
[196,42.11226662213031,-86.4690713211894,314]
[197,42.11228627090116,-86.46907668560743,315]
[198,42.11230392991788,-86.4690850675106,316]
[199,42.11232531970619,-86.46909277886152,317]
[200,42.11232979663773,-86.46906394511461,319]
[201,42.112311142754294,-86.46906025707722,320]
[202,42.11228950424261,-86.4690525457263,321]
[203,42.112273088815066,-86.46904516965151,322]
[204,42.11227930678056,-86.46900091320276,322]
[205,42.11229895554748,-86.46900694817305,321]
[206,42.11231935046368,-86.46901600062847,320]
[207,42.11234198383858,-86.469020023942,319]
[208,42.11234571461391,-86.46899588406086,328]
[209,42.11232507098778,-86.46898817270994,327]
[210,42.11230542222894,-86.46898213773966,326]
[211,42.1122840324339,-86.46897342056036,325]
[212,42.11229248886536,-86.46892916411161,325]
[213,42.11231387865753,-86.46893955767155,326]
[214,42.112332781258566,-86.46894425153732,327]
[215,42.11233899921818,-86.46891944110394,330]
[216,42.11231835558986,-86.46891307085752,331]
[217,42.11229995042158,-86.46890267729759,333]
[218,42.11235889668492,-86.46872732788324,338]
[219,42.11237680439962,-86.46873503923416,339]
[220,42.11239844288149,-86.46874140948057,340]
[221,42.1124185890476,-86.46875012665987,341]
[222,42.11242356340863,-86.46872263401747,344]
[223,42.11240291980785,-86.46871492266655,345]
[224,42.112383519791344,-86.46870855242014,346]
[225,42.1123628761775,-86.46870017051697,348]
[226,42.112391727491364,-86.46866496652365,346]
[227,42.11241237109577,-86.46867234259844,345]
[228,42.11243276597548,-86.46867871284485,344]
[229,42.11243749161741,-86.46865457296371,352]
[230,42.112416848021155,-86.4686468616128,351]
[231,42.11239844288149,-86.46863847970963,350]
[232,42.112405655707114,-86.4685932174325,350]
[233,42.11242530443491,-86.46860159933567,351]
[234,42.112446694182246,-86.46860931068659,352]
[235,42.11245340956655,-86.46858416497707,355]
[236,42.112431771103445,-86.46857678890228,356]
[237,42.11241038135107,-86.46856907755136,357]
[238,42.112420578792054,-86.46852381527424,357]
[239,42.112439232643304,-86.46853387355804,356]
[240,42.11245962751436,-86.46853789687157,355]
[241,42.112465348025786,-86.46851375699043,360]
[242,42.11257826584149,-86.46855968981981,362]
[243,42.11257453507988,-86.46858617663383,363]
[244,42.11256732227344,-86.46861266344786,364]
[245,42.1125625966412,-86.46864015609026,365]
[246,42.11258025558092,-86.46865155547857,377]
[247,42.112584981211846,-86.46862238645554,378]
[248,42.11259244273364,-86.46859388798475,379]
[249,42.11259617349423,-86.4685670658946,380]
[250,42.112629750329454,-86.46857846528292,380]
[251,42.11262502470186,-86.46860361099243,379]
[252,42.11262129394301,-86.46863479167223,378]
[253,42.11261283755541,-86.46865893155336,377]
[254,42.112631740067286,-86.46866798400879,373]
[255,42.11263895286637,-86.46864015609026,374]
[256,42.112643678492915,-86.46861266344786,375]
[257,42.11264915027059,-86.46858617663383,376]
[258,42.11263323237062,-86.46871693432331,371]
[259,42.11261283755541,-86.4687068760395,370]
[260,42.11259244273364,-86.46869949996471,369]
[261,42.11257105303548,-86.46869547665119,368]
[262,42.112551404352914,-86.46868407726288,367]
[263,42.11254568384924,-86.46871190518141,382]
[264,42.11256632740352,-86.46871827542782,383]
[265,42.11258597608149,-86.46872833371162,384]
[266,42.11260637090532,-86.46873336285353,385]
[267,42.11262701443985,-86.4687430858612,386]
[268,42.112598909385156,-86.46877996623516,385]
[269,42.11257926071121,-86.46876856684685,384]
[270,42.11255762229108,-86.46876186132431,383]
[271,42.112539217192285,-86.46875582635403,382]
[272,42.112533496687526,-86.46877996623516,390]
[273,42.11255239922306,-86.46878734230995,389]
[274,42.11257354021006,-86.46879505366087,388]
[275,42.11259318888579,-86.46880276501179,387]
[276,42.1125839863422,-86.46884366869926,387]
[277,42.11256433766365,-86.46883763372898,388]
[278,42.112543694108716,-86.46882992237806,389]
[279,42.11246385571851,-86.46900627762079,159,45,280,281,282]
[280,42.112484001863834,-86.4690126478672,153,158,45,279,281,282]
[281,42.11250663517996,-86.469020023942,154,157,45,279,280,282]
[282,42.11252528900587,-86.4690250530839,155,156,45,279,280,281]
[283,42.112512604404834,-86.46909780800343,163,164,284,285,286,303]
[284,42.11249096596196,-86.46908808499575,165,162,283,285,286,303]
[285,42.112471565972406,-86.46908171474934,161,166,283,284,286,303]
[286,42.11245017623346,-86.46907400339842,160,167,283,284,285,286,303]
[287,42.112435253155475,-86.46914340555668,174,168,288,289,302]
[288,42.112458632642735,-86.46915078163147,169,173,289,287,302]
[289,42.112479027507554,-86.4691561460495,170,172,290,288,287,302]
[290,42.112498676212574,-86.46916218101978,171,289]
[291,42.112464104436384,-86.46922789514065,177,178,292,293,301]
[292,42.1124434608488,-86.46922018378973,179,176,291,293,301]
[293,42.11242107622816,-86.46921314299107,175,180,291,292,301]
[294,42.11240714801576,-86.46928321570158,181,186,295,296,49]
[295,42.11243052751341,-86.46928824484348,182,185,294,296,49]
[296,42.11245092238726,-86.4692996442318,183,184,294,295,49]
[297,42.112435253155475,-86.46936636418104,189,298,299,300]
[298,42.11241635058502,-86.46935898810625,188,297,299,300]
[299,42.112392224927675,-86.46935261785984,187,297,298,300]
[300,42.11237630696318,-86.46934356540442,49,297,298,299,18]
[301,42.11240341724408,-86.46920677274466,303,302,48,47,291,292,293]
[302,42.11241759417536,-86.4691387116909,303,301,287,288,289,47]
[303,42.112432517257474,-86.46906696259975,45,283,284,285,286,302,301]
[304,42.11222160403739,-86.46926544606686,190,57,305]
[305,42.11219374752189,-86.46925538778305,57,304,306,310]
[306,42.11220668090561,-86.46918497979641,305,310,307,308,309]
[307,42.11222359378802,-86.4691886678338,193,306,308,309]
[308,42.11224324257222,-86.46919269114733,191,192,306,307,309]
[309,42.11226438366234,-86.469202414155,57,306,307,308,81]
[310,42.11222160403739,-86.46911088377237,305,306,311,312]
[311,42.11223752204074,-86.46911691874266,194,310,312,313]
[312,42.112259160570154,-86.46912597119808,195,310,311,82,314]
[313,42.1122467246346,-86.46909277886152,311,323,324,334,314,315,316,317]
[314,42.11226164775697,-86.46909546107054,196,312,313,315,316,317]
[315,42.11228129652936,-86.46910451352596,197,82,313,314,316,317]
[316,42.112300945295694,-86.46911088377237,198,313,314,315,317]
[317,42.112320345337466,-86.46912060678005,199,313,314,315,316,55]
[318,42.11235243000892,-86.4690525457263,59,329,319,320,321,322,323]
[319,42.112335517160886,-86.46904617547989,200,207,318,320,321,322,323]
[320,42.1123181068714,-86.46903779357672,201,206,318,319,321,322,323]
[321,42.11229447861378,-86.4690300822258,202,205,318,319,320,322,323]
[322,42.112274829845454,-86.46902237087488,203,204,318,319,320,321,323]
[323,42.11226189647563,-86.4690176770091,313,324,334,318,319,320,321,322]
[324,42.112274829845454,-86.46894827485085,313,323,334,325,326,327,328,329]
[325,42.11229074783545,-86.46895162761211,211,212,324,326,327,328,329]
[326,42.11231139147278,-86.46896068006754,210,213,324,325,327,328,329]
[327,42.11233004535614,-86.46896973252296,209,214,324,325,326,328,329]
[328,42.11235243000892,-86.46897811442614,208,324,325,326,327,329]
[329,42.112369094134195,-86.46898481994867,60,318,324,325,326,327,328]
[330,42.11234397358545,-86.4688989892602,215,62,331,332,333,334]
[331,42.11232531970619,-86.46889261901379,216,330,332,333,334]
[332,42.112312386346694,-86.46888926625252,330,331,333,334,335]
[333,42.11230368119937,-86.46888423711061,217,330,331,332,334]
[334,42.112291742709694,-86.46887753158808,313,323,324,330,331,332,333]
[335,42.11232656329833,-86.46880745887756,332,65,336,337]
[336,42.11233899921818,-86.46874576807022,335,337,338,339,340,341,342]
[337,42.11235292744556,-86.46867502480745,335,336,348,347,346,345,344,343]
[338,42.11235491719207,-86.46874945610762,218,336,339,340,341,342]
[339,42.11237506337202,-86.46875683218241,219,336,338,340,341,342]
[340,42.11239570698189,-86.46876588463783,220,336,338,339,341,342]
[341,42.1124146095585,-86.46877091377974,221,336,338,339,340,342]
[342,42.11243425828349,-86.46877996623516,336,338,339,340,341,66,67]
[343,42.112445201874536,-86.4687092229724,67,68,344,345,346,347,348,337]
[344,42.11242754289715,-86.46870285272598,222,228,343,345,346,347,348,337]
[345,42.112407894170104,-86.46869514137506,223,227,343,344,346,347,348,337]
[346,42.11238948902782,-86.46868776530027,224,226,343,344,345,347,348,337]
[347,42.11237456593556,-86.46868139505386,343,344,345,346,348,337,349,358,359]
[348,42.11236984028894,-86.46868273615837,225,343,344,345,346,347,337]
[349,42.11238749928238,-86.46861266344786,347,358,359,350,351,352,353]
[350,42.11240242237159,-86.46861903369427,231,232,349,351,352,353]
[351,42.11242455828077,-86.46862506866455,230,233,349,350,352,353]
[352,42.112443212130856,-86.46863278001547,229,234,349,350,351,353]
[353,42.11245913007856,-86.4686381444335,69,70,349,350,351,352]
[354,42.11247504802225,-86.46856740117073,71,72,355,356,357,358]
[355,42.11245639418158,-86.46856270730495,235,240,354,356,357,358]
[356,42.11243500443749,-86.46855499595404,236,239,354,355,357,358]
[357,42.112415355712734,-86.46854728460312,237,238,354,355,356,358]
[358,42.112399437754036,-86.46854259073734,347,349,359,354,355,356,357]
[359,42.112415355712734,-86.46847184747458,347,349,358,360,361]
[360,42.11247131725455,-86.4684909582138,241,359,361]
[361,42.112488230066354,-86.46849732846022,72,36,359,360]
[362,42.11256433766365,-86.46855600178242,242,76,77,363,364,365,366]
[363,42.11255662742103,-86.46858148276806,243,76,77,362,364,365,366]
[364,42.112550906917825,-86.46860998123884,244,76,77,362,363,365,366]
[365,42.11254643000193,-86.46863780915737,245,76,77,362,363,364,366]
[366,42.112538968474716,-86.468660607934,77,78,362,363,364,365,367,368,369,370,371,372]
[367,42.11255662742103,-86.46866831928492,262,366,368,369,370,371,372]
[368,42.11257826584149,-86.4686743542552,261,366,367,369,370,371,372]
[369,42.11259418375528,-86.46868072450161,260,366,367,368,370,371,372,377,378,379,380]
[370,42.11261631959749,-86.46868709474802,259,366,367,368,369,371,372]
[371,42.112635968259966,-86.46869581192732,258,366,367,368,369,370,372]
[372,42.11264342977575,-86.46869581192732,366,367,368,369,370,371,373,374,375,376]
[373,42.112646165664664,-86.4686756953597,372,374,375,376]
[374,42.1126538758964,-86.46864384412766,255,372,373,375,376]
[375,42.11265835280469,-86.46861903369427,256,372,373,374,376]
[376,42.1126640732982,-86.46859254688025,257,372,373,374,375]
[377,42.112595178624744,-86.46865792572498,246,253,369,378,379,380]
[378,42.11260239142803,-86.46862875670195,247,252,369,377,379,380]
[379,42.11261010166507,-86.46860025823116,248,251,369,377,378,380]
[380,42.112611593968914,-86.46857377141714,249,250,369,377,378,379]
[381,42.11252255311174,-86.46872565150261,391,79,78,382,383,384,385]
[382,42.1125419530857,-86.46873336285353,263,271,381,383,384,385]
[383,42.1125625966412,-86.46873939782381,264,270,381,382,384,385]
[384,42.112585229929266,-86.46875079721212,265,269,381,382,383,385]
[385,42.11260462988404,-86.46875347942114,266,268,381,382,383,384,386]
[386,42.112623283681096,-86.46875817328691,267,385]
[387,42.11258871197285,-86.46882489323616,275,276,388,389,390,391]
[388,42.112569312013235,-86.46881718188524,274,277,387,389,390,391]
[389,42.112547673589695,-86.46880846470594,273,278,387,388,390,391]
[390,42.11252802489987,-86.46880108863115,272,387,388,389,391]
[391,42.11250862492167,-86.46879572421312,80,79,381,387,388,389,390]
[392,42.112026110732586,-86.4682274311781,533]
[393,42.112036556954955,-86.46825291216373,534]
[394,42.112044018541305,-86.46827805787325,535]
[395,42.112018897863734,-86.46829951554537,535]
[396,42.11201069011544,-86.46827436983585,534]
[397,42.11199924901,-86.46825022995472,533]
[398,42.1119890515012,-86.46822273731232,532]
[399,42.11197114367696,-86.46823648363352,123]
[400,42.11198084374904,-86.46826162934303,538]
[401,42.111991787418354,-86.46828576922417,537]
[402,42.11200198492669,-86.46831460297108,536]
[403,42.11197238727603,-86.46833371371031,536]
[404,42.11196318464232,-86.46830722689629,537]
[405,42.111953982007286,-86.46828442811966,538]
[406,42.11193706905292,-86.46829850971699,540]
[407,42.11194627169042,-86.46832399070263,541]
[408,42.11195646920606,-86.46834746003151,542]
[409,42.11191543041357,-86.46834410727024,541]
[410,42.11190523289128,-86.4683199673891,540]
[411,42.111897771288604,-86.46829482167959,124]
[412,42.111880858319246,-86.46831125020981,545]
[413,42.11189030968503,-86.46833505481482,544]
[414,42.111900507209675,-86.46835651248693,543]
[415,42.11186891974991,-86.46838299930096,543]
[416,42.111861209422685,-86.46835517138243,544]
[417,42.11185200677285,-86.46833371371031,545]
[418,42.1118333527488,-86.4683447778225,548]
[419,42.11184578876544,-86.46837193518877,549]
[420,42.11185225549314,-86.4683947339654,550]
[421,42.111825144976464,-86.46841753274202,550]
[422,42.111815942321414,-86.4683947339654,549]
[423,42.1118045011808,-86.46836590021849,548]
[424,42.111787836907084,-86.4683823287487,553]
[425,42.11179629340472,-86.46840378642082,552]
[426,42.11180922686955,-86.46843027323484,551]
[427,42.11173983382547,-86.46822709590197,556]
[428,42.111759482759666,-86.46821100264788,557]
[429,42.111779380408294,-86.46819725632668,558]
[430,42.11176495461365,-86.46817311644554,562]
[431,42.11175102625709,-86.46818954497576,563]
[432,42.11173162604105,-86.46820362657309,564]
[433,42.11171471302735,-86.46816406399012,564]
[434,42.11173063115802,-86.46814797073603,563]
[435,42.11174953393299,-86.46813288331032,562]
[436,42.11174082870837,-86.4681114256382,569]
[437,42.11172416441791,-86.46812383085489,568]
[438,42.11170526163538,-86.46814025938511,567]
[439,42.111772664952575,-86.46807990968227,571]
[440,42.11178410609894,-86.4681013673544,572]
[441,42.11179231387656,-86.46812785416842,561]
[442,42.11180350629892,-86.46815165877342,560]
[443,42.11181395255795,-86.46817713975906,559]
[444,42.111830368104435,-86.46816406399012,579]
[445,42.111820170568514,-86.4681375771761,578]
[446,42.11181196279447,-86.4681127667427,577]
[447,42.11179952677119,-86.4680889621377,576]
[448,42.11179231387656,-86.46806616336107,574]
[449,42.111830368104435,-86.46806716918945,576]
[450,42.11183981947777,-86.4680926501751,577]
[451,42.11185026573083,-86.46811779588461,578]
[452,42.11185946838092,-86.46814126521349,579]
[453,42.11187712751657,-86.4681288599968,581]
[454,42.11186593510722,-86.46810103207827,582]
[455,42.111857478618866,-86.46807722747326,583]
[456,42.11184728108727,-86.46805442869663,584]
[457,42.11187712751657,-86.46803297102451,584]
[458,42.11188533528214,-86.46805845201015,583]
[459,42.11189677640817,-86.46808225661516,582]
[460,42.11190597905153,-86.4681063964963,581]
[461,42.11192189713414,-86.46809365600348,590]
[462,42.1119107047327,-86.46806851029396,589]
[463,42.11190498417122,-86.46804470568895,588]
[464,42.1118950353674,-86.46802056580782,587]
[465,42.11192090225409,-86.4679954200983,587]
[466,42.111932094653724,-86.46802056580782,588]
[467,42.11194055113213,-86.46804470568895,589]
[468,42.11195845896504,-86.46803230047226,592]
[469,42.111950002489024,-86.46800816059113,593]
[470,42.111937815212755,-86.4679816737771,595]
[471,42.11207262128087,-86.46791361272335,599]
[472,42.11208281877621,-86.4679367467761,600]
[473,42.112093016269895,-86.467962898314,601]
[474,42.11209973169167,-86.46798804402351,602]
[475,42.112118385637324,-86.46797563880682,605]
[476,42.112109183024835,-86.4679491519928,606]
[477,42.11210147272685,-86.46792400628328,607]
[478,42.11208953419906,-86.46790120750666,609]
[479,42.112129578002076,-86.46790254861116,607]
[480,42.11214002420742,-86.4679266884923,606]
[481,42.11214823193897,-86.46795183420181,605]
[482,42.11216414996075,-86.4679367467761,614]
[483,42.11215743454581,-86.4679129421711,613]
[484,42.11214450115202,-86.46788880228996,612]
[485,42.11217335256527,-86.46786499768496,612]
[486,42.11218379876339,-86.46788746118546,613]
[487,42.11219399624081,-86.46791361272335,614]
[488,42.11221066040777,-86.46790120750666,616]
[489,42.11219971677623,-86.46787974983454,617]
[490,42.11219300136504,-86.46785326302052,618]
[491,42.11222011172436,-86.46782711148262,618]
[492,42.11222956303956,-86.46785326302052,617]
[493,42.11223976050963,-86.46787874400616,616]
[494,42.11225741953933,-86.46786633878946,623]
[495,42.11224697335334,-86.46784085780382,622]
[496,42.11223677588442,-86.46781839430332,621]
[497,42.112304676073414,-86.46801184862852,626]
[498,42.112316863279126,-86.46803800016642,627]
[499,42.11232531970619,-86.46806314587593,628]
[500,42.11233651203442,-86.46808728575706,629]
[501,42.11234471974053,-86.46811243146658,630]
[502,42.112314873531425,-86.46813254803419,630]
[503,42.11230666582145,-86.46811109036207,629]
[504,42.11229646836212,-86.46808326244354,628]
[505,42.11228602218257,-86.46806180477142,627]
[506,42.112276819594435,-86.4680353179574,626]
[507,42.11225891185146,-86.46805074065924,635]
[508,42.11226910931683,-86.46807219833136,634]
[509,42.112281545247974,-86.4681013673544,633]
[510,42.11228701705689,-86.46812215447426,632]
[511,42.11229796067334,-86.46814495325089,631]
[512,42.11226910931683,-86.46816775202751,631]
[513,42.112259906726194,-86.46814361214638,632]
[514,42.11224970925936,-86.46812215447426,633]
[515,42.11223826819704,-86.46809600293636,634]
[516,42.11222185275621,-86.46810606122017,639]
[517,42.11223304510271,-86.46813254803419,640]
[518,42.112243988728466,-86.4681576937437,641]
[519,42.112253191321386,-86.46818317472935,642]
[520,42.11221240143986,-86.46818049252033,641]
[521,42.11220220396539,-86.4681563526392,640]
[522,42.11219300136504,-86.46813254803419,639]
[523,42.11218255516847,-86.46810472011566,638]
[524,42.11216837818462,-86.46811880171299,646]
[525,42.112175839755444,-86.46814227104187,645]
[526,42.11218628595316,-86.46816909313202,644]
[527,42.112196483430196,-86.46819155663252,643]
[528,42.11216937306077,-86.46821670234203,643]
[529,42.1121609166129,-86.46819289773703,644]
[530,42.11214798321982,-86.4681650698185,645]
[531,42.111992533577556,-86.4681888744235,111,112,532,533,534,535]
[532,42.11200297980547,-86.46821267902851,398,531,533,534,535]
[533,42.1120141721906,-86.46824151277542,392,397,531,532,534,535]
[534,42.11202337481691,-86.46826162934303,393,396,531,532,533,535]
[535,42.11203531335713,-86.46828811615705,394,395,531,532,533,534]
[536,42.11199004638018,-86.46832432597876,402,403,537,538]
[537,42.11197860527099,-86.46830085664988,401,404,536,538]
[538,42.111968407758916,-86.46827571094036,400,405,123,536,537]
[539,42.11190100464988,-86.46825760602951,112,113,124,540,541]
[540,42.11192363817417,-86.46830823272467,406,410,124,539,541]
[541,42.111935825453166,-86.46833337843418,407,409,539,540,542]
[542,42.11194577425058,-86.4683598652482,408,541]
[543,42.111888319923914,-86.46837025880814,414,415,544,545,546]
[544,42.11187588391562,-86.46834746003151,413,416,543,545,546]
[545,42.11186668126792,-86.46832097321749,412,417,543,544,546]
[546,42.11185946838092,-86.46829850971699,113,114,543,544,545]
[547,42.111813703837534,-86.46833371371031,114,115,548,549,550]
[548,42.11181917568686,-86.46835651248693,418,423,547,549,550]
[549,42.11183111426554,-86.46838266402483,419,422,547,548,550]
[550,42.11184056563875,-86.46840680390596,420,421,547,548,549]
[551,42.11179654212524,-86.46844301372766,426,552,553,554]
[552,42.11178534970167,-86.46841954439878,425,551,553,554]
[553,42.11177440599673,-86.46839406341314,424,551,552,554]
[554,42.11176570077554,-86.46837025880814,115,109,551,552,553]
[555,42.11173585429378,-86.46825794130564,116,556,557,558,559,565,566]
[556,42.11175028009504,-86.46824788302183,427,116,555,557,558,559]
[557,42.111769929025975,-86.46823313087225,428,117,555,556,558,559]
[558,42.11178833434815,-86.46821770817041,429,117,118,555,556,557,559]
[559,42.111797785727745,-86.46819289773703,443,118,555,556,557,558,560,561,572,571,570]
[560,42.111786344583855,-86.46816875785589,442,559,561,572,571,570]
[561,42.11177714192315,-86.46814092993736,441,559,560,572,571,570,562,563,564,565]
[562,42.11176022892158,-86.46815333515406,430,435,561,563,564,565]
[563,42.11174057998765,-86.46816741675138,431,434,561,562,564,565]
[564,42.111723915697134,-86.4681801572442,432,433,561,562,563,565]
[565,42.1117079975648,-86.46819289773703,555,566,561,562,563,564]
[566,42.11168387163782,-86.46812818944454,555,565,567,568,569,570,573]
[567,42.11169780000916,-86.46811578422785,438,566,568,569,570,573]
[568,42.111716454073104,-86.46810203790665,437,566,567,569,570,573]
[569,42.111734361969326,-86.46808795630932,436,566,567,568,570,573]
[570,42.111748290329544,-86.46807555109262,559,560,561,572,571,566,567,568,569,573]
[571,42.11176022892158,-86.46809063851833,439,559,560,561,572,570]
[572,42.111768934143534,-86.46811846643686,440,559,560,561,571,570]
[573,42.11179977549169,-86.46803665906191,566,567,568,569,570,574,575,576,577,578,579]
[574,42.11180798326728,-86.468052752316,448,573,575,576,577,578,579]
[575,42.111808978149114,-86.46806046366692,573,574,576,577,578,579,585,586,596]
[576,42.111814698719265,-86.46808058023453,447,449,573,574,575,577,578,579]
[577,42.11182763218033,-86.46810673177242,446,450,573,574,574,575,576,578,579]
[578,42.11183459635057,-86.46812919527292,445,451,573,574,575,576,577,579]
[579,42.11184603748576,-86.46815434098244,444,452,573,574,575,576,577,578,120]
[580,42.11190100464988,-86.46814160048962,121,581,582,583,584,585,591]
[581,42.111891802005815,-86.4681201428175,453,460,580,582,583,584,585]
[582,42.11188309680073,-86.46809298545122,454,459,580,581,583,584,585]
[583,42.11187190439245,-86.46806884557009,455,458,580,581,582,584,585]
[584,42.111860960702444,-86.46804369986057,456,457,580,581,582,583,585]
[585,42.11185424525537,-86.46802593022585,575,586,596,580,581,582,583,584]
[586,42.11189802000869,-86.46798837929964,575,585,596,587,588,589,590,591]
[587,42.11190672521171,-86.46800715476274,464,465,586,588,589,590,591]
[588,42.11191692273374,-86.46803330630064,463,466,586,587,589,590,591]
[589,42.1119278664141,-86.46805878728628,462,467,586,587,588,590,591]
[590,42.111938312652654,-86.4680839329958,461,586,587,588,589,591]
[591,42.11194577425058,-86.46810673177242,122,580,586,587,588,589,590]
[592,42.111975620633494,-86.46802593022585,468,93,593,594,595,596]
[593,42.11196542312091,-86.46800078451633,469,592,594,595,596]
[594,42.111956220486206,-86.46798335015774,592,593,595,596,597,598,610]
[595,42.11195671792595,-86.46797429770231,470,592,593,594,596]
[596,42.11194577425058,-86.4679528400302,575,585,586,592,593,594,595]
[597,42.112007208040104,-86.46793775260448,128,594,598,610]
[598,42.11205148012679,-86.46790388971567,594,597,610,599,600,601,602,603]
[599,42.11206068274767,-86.46792266517878,471,598,600,601,602,603]
[600,42.112068890489496,-86.46795015782118,472,598,599,601,602,603]
[601,42.112078341827235,-86.46797262132168,473,598,599,600,602,603]
[602,42.11208853932166,-86.46799810230732,474,598,599,600,601,603]
[603,42.11210097528822,-86.46802324801683,598,599,601,602,131,132]
[604,42.1121457447477,-86.46798569709063,132,133,605,606,607,608,609,610]
[605,42.112133308789886,-86.4679665863514,475,481,604,606,607,608,609,610]
[606,42.112123111302694,-86.46794009953737,476,480,604,605,607,608,609,610]
[607,42.11211490356789,-86.46791629493237,477,479,604,605,606,608,609,610]
[608,42.11210719327059,-86.46789483726025,604,605,606,607,609,610,611,619,620]
[609,42.112103462481244,-86.46789114922285,478,604,605,606,607,608,610]
[610,42.112096995779176,-86.46787103265524,594,597,598,604,605,606,607,608,609]
[611,42.11215121656835,-86.46785963326693,608,619,620,612,613,614]
[612,42.112160419174735,-86.46787706762552,484,485,611,613,614]
[613,42.11217086537499,-86.46790221333504,483,486,611,612,614]
[614,42.11218205773048,-86.46793004125357,482,487,611,612,613,135]
[615,42.11223354254027,-86.46791126579046,136,137,616,617,618,619]
[616,42.11222483738213,-86.46789249032736,488,493,615,617,618,619]
[617,42.1122166296605,-86.46786835044622,489,492,615,616,618,619]
[618,42.11220643218672,-86.4678418636322,490,491,615,616,617,619]
[619,42.11219797574378,-86.46782174706459,608,611,620,615,616,617,618]
[620,42.112242745134715,-86.46778922528028,608,611,619,621,622,623,624]
[621,42.112253191321386,-86.4678056538105,496,620,622,623,624]
[622,42.11226338878767,-86.46783348172903,495,620,621,623,624]
[623,42.112271596503234,-86.4678556099534,494,620,621,622,624]
[624,42.112281047810775,-86.46787840873003,137,138,620,621,622,623]
[625,42.112281047810775,-86.46800145506859,139,140,626,627,628,629,630]
[626,42.11229049911689,-86.4680266007781,497,506,625,627,628,629,630]
[627,42.11230169145126,-86.46805174648762,498,505,625,626,628,629,630]
[628,42.11231188890972,-86.46807454526424,499,504,625,626,627,629,630]
[629,42.11232134021123,-86.46809834986925,500,503,625,626,627,628,630]
[630,42.11233153766657,-86.46812316030264,501,502,625,626,627,628,629]
[631,42.1122840324339,-86.4681613817811,511,512,632,633,634,635,636]
[632,42.11227458112684,-86.46813355386257,510,513,631,633,634,635,636]
[633,42.11226413494368,-86.46810840815306,509,514,631,632,634,635,636]
[634,42.112253191321386,-86.46808560937643,508,515,631,632,633,635,636]
[635,42.11224473488471,-86.46806079894304,507,649,631,632,633,634,636]
[636,42.11223528357175,-86.46803565323353,140,141,631,632,633,634,635]
[637,42.112189519299704,-86.46807320415974,141,142,647,638,639,640,641]
[638,42.1121982244627,-86.46809466183186,523,648,637,639,640,641]
[639,42.11220842193784,-86.46812248975039,516,522,637,638,640,641]
[640,42.11221936556784,-86.46814327687025,517,521,637,638,639,641]
[641,42.112228070726715,-86.46816741675138,518,520,637,638,639,640,642]
[642,42.11224199897847,-86.46819021552801,519,641]
[643,42.11218429620133,-86.46820764988661,527,528,644,645,646,647]
[644,42.11217285512723,-86.46818283945322,526,529,643,645,646,647]
[645,42.112164398679816,-86.46815501153469,525,530,643,644,646,647]
[646,42.11215345504029,-86.46812986582518,524,643,644,645,647]
[647,42.11214300883719,-86.46810572594404,143,637,142,643,644,645,646]
[648,42.112213147596464,-86.46808560937643,638]
[649,42.112228070726715,-86.46807052195072,635]