[0,42.15102204555648,-86.4426213875413,38]
[1,42.150927590207594,-86.44239742308855,39]
[2,42.15087911964487,-86.4426401630044,45]
[3,42.15086569702096,-86.44260630011559,44]
[4,42.15085128012542,-86.4425741136074,43]
[5,42.15083835463007,-86.44254092127085,42]
[6,42.150816729276194,-86.44259188324213,51]
[7,42.150841088869704,-86.44266497343779,97]
[8,42.15081300076616,-86.44269112497568,86]
[9,42.15079783815643,-86.4426589384675,87]
[10,42.150766270088425,-86.44263613969088,52]
[11,42.15077397568128,-86.44269917160273,49]
[12,42.150755581683896,-86.44273303449154,54]
[13,42.15073470200468,-86.44270855933428,59]
[14,42.150720533647025,-86.44267536699772,58]
[15,42.150708105260485,-86.44264318048954,57]
[16,42.150763038710494,-86.44259590655565,50,88]
[17,42.15067206292576,-86.44287820905447,90]
[18,42.15063378345813,-86.44291207194328,93]
[19,42.15058183271502,-86.44267536699772,91]
[20,42.15053783611934,-86.44269112497568,92]
[21,42.15056045584183,-86.4428523927927,94]
[22,42.15054156464558,-86.44281383603811,65]
[23,42.15051844777931,-86.44284099340439,66,67]
[24,42.15048961382677,-86.44283931702375,72]
[25,42.150461028429845,-86.44286211580038,71,95]
[26,42.15047146831544,-86.44294627010822,98]
[27,42.15045133424882,-86.44295733422041,74]
[28,42.150437165827704,-86.44296873360872,75]
[29,42.15041504319897,-86.44299421459436,80]
[30,42.150403609028274,-86.44296001642942,81]
[31,42.150387949182424,-86.44292883574963,82]
[32,42.150373532178094,-86.44289631396532,83]
[33,42.15041703175017,-86.44287016242743,96]
[34,42.150444374323065,-86.44292581826448,95]
[35,42.15033127542228,-86.44314911216497,85]
[36,42.150235327624955,-86.44292447715998,84]
[37,42.15098028636697,-86.44249800592661,46]
[38,42.15101458856036,-86.44257713109255,0,40,47,49,54,97]
[39,42.1509474755559,-86.44242089241743,1,41,48,89,53]
[40,42.15092038176727,-86.4426438510418,38,45,44,46,43,42,41,97,47,49,54]
[41,42.150856997170585,-86.44249264150858,39,40,45,44,46,43,42,48,89,53]
[42,42.150868928393656,-86.44252918660641,40,45,44,46,43,5,41]
[43,42.150878125376536,-86.44254829734564,40,45,44,46,4,42,41]
[44,42.15090074497745,-86.44259121268988,40,45,3,46,43,42,41]
[45,42.15090546775025,-86.44261132925749,40,2,44,46,43,42,41]
[46,42.15088856519334,-86.44256841391325,37,40,45,44,43,42,41]
[47,42.150813497900856,-86.44272733479738,38,40,97,86,49,54]
[48,42.15077596422122,-86.44255768507719,39,41,50,89,53,52,87]
[49,42.150799080993416,-86.4427350461483,38,40,97,47,54,11]
[50,42.150783172677976,-86.4425741136074,48,51,16,88,52,87]
[51,42.15080181523475,-86.4425603672862,6,50]
[52,42.15080380377379,-86.4426227286458,50,87,48,10]
[53,42.15072351645942,-86.44259724766016,39,41,56,48,89]
[54,42.15076552438583,-86.44276186823845,38,40,97,47,49,12,55]
[55,42.150733459166425,-86.44278533756733,54,59,58,57,56,99]
[56,42.15067156578997,-86.44263882189989,55,59,58,57,53,99]
[57,42.1506864798621,-86.44267201423645,55,59,58,15,56,61,99]
[58,42.15069120265088,-86.44268542528152,55,59,14,57,56,99]
[59,42.15071382231859,-86.44273605197668,55,13,58,57,56,60,99]
[60,42.1506566517143,-86.44281584769487,59,90,63,61,64,68,99]
[61,42.15061439514749,-86.44271392375231,57,60,91,62,65]
[62,42.150575618508434,-86.44273739308119,61,63,65,92]
[63,42.150620360782156,-86.44284434616566,60,64,62,68,93]
[64,42.15058009273724,-86.44287217408419,60,63,94,68,73]
[65,42.15053957609826,-86.44276723265648,61,62,22,66]
[66,42.15049582804181,-86.44278399646282,65,23,67,76]
[67,42.15053957609826,-86.44289966672659,68,66,23,69]
[68,42.15056120154684,-86.4428872615099,60,63,64,67,73]
[69,42.15051074215537,-86.4429197832942,67,70]
[70,42.15050154511908,-86.442906036973,69,71,72]
[71,42.15048290247386,-86.44292213022709,70,72,95,25]
[72,42.150516459231284,-86.44289564341307,70,24,71]
[73,42.15056865859634,-86.44291441887617,64,68,98,74,75,79]
[74,42.15046873405985,-86.44299320876598,73,98,27,75,79]
[75,42.150451831386334,-86.44300293177366,73,98,74,28,79]
[76,42.150482405336604,-86.44278198480606,66,77,78]
[77,42.150390932010495,-86.44285138696432,76,96,78]
[78,42.15034146676009,-86.44288659095764,76,77,79,80,81,82,83,84]
[79,42.15040037763181,-86.44304383546114,73,98,74,75,80,81,82,83,78,85]
[80,42.150386209199326,-86.44300997257233,79,29,81,82,83,78]
[81,42.15037775785213,-86.44299253821373,79,80,30,82,83,78]
[82,42.15035737518654,-86.44294057041407,79,80,81,83,78,31]
[83,42.15034693528212,-86.44292313605547,79,80,81,82,32,78]
[84,42.150256456038406,-86.44295565783978,36,78]
[85,42.15032257549847,-86.44310552626848,79,35]
[86,42.150802809504285,-86.44270587712526,47,8]
[87,42.15081051509269,-86.44264619797468,50,52,48,9]
[88,42.150747130386,-86.44260831177235,50,16,89]
[89,42.15073519913998,-86.44258551299572,39,41,48,88,53]
[90,42.150669080110916,-86.44283898174763,60,17]
[91,42.150604700989945,-86.44268810749054,61,19]
[92,42.15055846729513,-86.44270554184914,62,20]
[93,42.15063204348178,-86.44288457930088,63,18]
[94,42.15061464371563,-86.44282054156065,64,21]
[95,42.15047494827692,-86.44289866089821,71,25,34]
[96,42.15040410616617,-86.44288122653961,77,33]
[97,42.15085152869262,-86.44269347190857,38,40,7,47,49,54]
[98,42.150483648179794,-86.4429821446538,73,26,74,75,79]
[99,42.15072252218864,-86.44275851547718,60,59,58,57,56,55]