[0,42.151023039822554,-86.44261937588453,38]
[1,42.15092783877448,-86.4423967525363,39]
[2,42.15087887107781,-86.44263949245214,42]
[3,42.15086470275239,-86.44260697066784,43]
[4,42.15084978872224,-86.44257377833128,44]
[5,42.15083586895758,-86.4425402507186,45]
[6,42.150817226410865,-86.44259389489889,61]
[7,42.15084034316799,-86.44266195595264,46]
[8,42.15081150936209,-86.44269112497568,48]
[9,42.15079932956081,-86.44265826791525,63]
[10,42.15076005589995,-86.44259791821241,58,12,60,61]
[11,42.150763784413115,-86.44263681024313,62]
[12,42.15073420486937,-86.44261937588453,58,10,60,61]
[13,42.15077496995125,-86.44269715994596,49]
[14,42.150755581683896,-86.44273471087217,50]
[15,42.150732216328116,-86.44270621240139,53]
[16,42.15072003651159,-86.44267201423645,54]
[17,42.150707110989444,-86.44264418631792,55]
[18,42.15066758870346,-86.44287753850222,65]
[19,42.15058257841976,-86.44266866147518,67]
[20,42.15062930923311,-86.44291777163744,69]
[21,42.15053982466668,-86.4426901191473,71]
[22,42.15055871586346,-86.44285507500172,73]
[23,42.15054007323509,-86.44281383603811,81]
[24,42.15051571352576,-86.44283898174763,82,75]
[25,42.15048961382677,-86.44284099340439,78]
[26,42.150460282723664,-86.44285842776299,79,80]
[27,42.150444871460635,-86.44292615354061,80]
[28,42.15046972833463,-86.44294627010822,94]
[29,42.1504520799551,-86.44295800477266,93]
[30,42.150437165827704,-86.44297040998936,92]
[31,42.1504195174391,-86.44286848604679,85]
[32,42.15041504319897,-86.44299555569887,90]
[33,42.15040261475245,-86.44296169281006,89]
[34,42.15038770061343,-86.44292749464512,88]
[35,42.15037278647089,-86.44289631396532,87]
[36,42.15032903829912,-86.44314609467983,95]
[37,42.15023756475142,-86.44292548298836,96]
[38,42.15100688299682,-86.44258718937635,0,40]
[39,42.150945238454526,-86.44243396818638,1,41]
[40,42.15091217905835,-86.44264988601208,38,42,43,44,45,41,46,47,49,50]
[41,42.15085227439417,-86.44250001758337,39,40,42,43,44,45,59,57]
[42,42.15090347921436,-86.44262306392193,40,2,43,44,45,41]
[43,42.15088955946153,-86.44259188324213,40,42,3,44,45,41]
[44,42.150874645437206,-86.44255768507719,40,42,43,4,45,41]
[45,42.15086271421526,-86.44252516329288,40,42,43,44,5,41]
[46,42.15085227439417,-86.44269313663244,40,7,47,49,50]
[47,42.15081126079475,-86.44272297620773,40,46,48,49,50]
[48,42.15080579231281,-86.44270788878202,47,8]
[49,42.15079087826877,-86.44274074584246,40,46,47,50,13]
[50,42.15076477868323,-86.4427625387907,40,46,47,49,14,51]
[51,42.15073395630172,-86.44278265535831,50,52,53,54,55,56]
[52,42.15072451073017,-86.44276052713394,51,53,54,55,56,64]
[53,42.15071332518311,-86.4427249878645,51,52,15,54,55,56]
[54,42.15069841111729,-86.44269112497568,51,52,53,55,56,16]
[55,42.150684988455055,-86.44266128540039,51,52,53,54,56,17,66]
[56,42.1506755428762,-86.44263412803411,51,52,53,54,55,57]
[57,42.15073892765459,-86.44258618354797,41,56,58,59]
[58,42.150747378953604,-86.44260495901108,57,10,12,60,61]
[59,42.15077720705866,-86.44255600869656,41,57,60,62,63]
[60,42.15078839259442,-86.44257880747318,58,12,10,61,59,62,63]
[61,42.150801566667354,-86.44256841391325,12,58,10,60,6]
[62,42.150798583858624,-86.442612670362,60,59,11,63]
[63,42.1508110122274,-86.44264116883278,60,59,62,9]
[64,42.150653917466705,-86.44281517714262,52,65,68,66,72]
[65,42.150665848728046,-86.44283395260572,64,18]
[66,42.15061166089809,-86.44271090626717,55,64,67,70,81]
[67,42.15060519812629,-86.44268944859505,66,19]
[68,42.150616880828686,-86.44284468144178,64,69,70,72]
[69,42.15063378345813,-86.44287720322609,68,20]
[70,42.15057686134979,-86.44274242222309,66,68,71,81]
[71,42.15055995870515,-86.44270353019238,70,21]
[72,42.1505609529785,-86.44288625568151,64,68,73,74,75,76]
[73,42.15055250165461,-86.44286815077066,72,22]
[74,42.15057015000614,-86.4429097250104,72,94,93,92,91]
[75,42.150542310350794,-86.44289933145046,72,82,24,76]
[76,42.150508753607085,-86.44292447715998,72,75,77]
[77,42.15050229082478,-86.44290637224913,76,78,79]
[78,42.15051148786094,-86.44289933145046,77,25,79]
[79,42.150486382434714,-86.44291810691357,77,78,80,26]
[80,42.15047892537552,-86.44289933145046,79,26,27]
[81,42.15053932752985,-86.44276320934296,66,70,23,82]
[82,42.15049458519885,-86.44278332591057,81,24,83,75]
[83,42.150476936826244,-86.44278567284346,82,84,86]
[84,42.15039142914852,-86.44285004585981,83,85,86]
[85,42.150402366183506,-86.44287653267384,84,31]
[86,42.15034469815952,-86.44288893789053,83,84,87,88,89,90,91,96]
[87,42.15035215523454,-86.44291173666716,86,35,88,89,90,91]
[88,42.15036706938197,-86.44294660538435,86,87,34,89,90,91]
[89,42.150380989249705,-86.44297979772091,86,87,88,33,90,91]
[90,42.15039590339033,-86.44301231950521,86,87,88,89,32,91]
[91,42.15040385759722,-86.44303947687149,74,94,93,92,86,87,88,89,90,95]
[92,42.15045158281756,-86.44300058484077,74,94,93,30,91]
[93,42.15046550266673,-86.44298952072859,74,94,29,92,91]
[94,42.15048339961115,-86.44297778606415,74,28,93,92,91]
[95,42.15031959266717,-86.44311022013426,91,36]
[96,42.15025322463444,-86.44295800477266,37,86]