[0,42.11251011722789,-86.46895095705986,1,63,39,40,67,21,42,2,3,82,4]
[1,42.112508873639364,-86.4689764380455,0,44,42]
[2,42.1124807685323,-86.46913133561611,42,45,3,0]
[3,42.11247430186872,-86.46914843469858,2,52,82,0]
[4,42.11245340956655,-86.46926309913397,82,47,48,6,0]
[5,42.11233999409169,-86.46928891539574,48,6,8]
[6,42.11234994282567,-86.46924365311861,4,48,5,7]
[7,42.11235392231882,-86.4691960439086,10,6,12,16]
[8,42.11221961428668,-86.46926812827587,5,55]
[9,42.11221613222279,-86.4691648632288,55,10,11]
[10,42.11224647591587,-86.46917156875134,55,9,7]
[11,42.11223006047717,-86.46909277886152,9,56]
[12,42.11237033772545,-86.46918565034866,7,50,13,16]
[13,42.11237033772545,-86.46916318684816,12,51,14,16]
[14,42.11237655568141,-86.46913066506386,13,56,52,83,16]
[15,42.11238874287328,-86.46905992180109,57,83,16]
[16,42.112406401861456,-86.46897375583649,42,15,59,43,83,14,13,12,7]
[17,42.11232606586147,-86.46890334784985,58,43,60,20]
[18,42.11238700184602,-86.46883964538574,43,60,20,19,61]
[19,42.11240515827091,-86.46884500980377,43,60,18,62,21]
[20,42.11233601459765,-86.46883260458708,17,60,18,69]
[21,42.11245714033531,-86.46886043250561,43,19,40,0,67,39]
[22,42.11247479930442,-86.46876085549593,40,68,23,85,27,28,29,30,31]
[23,42.11247853007191,-86.46872833371162,24,22,85]
[24,42.112385509536885,-86.46870754659176,69,25,23]
[25,42.11239894031775,-86.46864417940378,24,26,70]
[26,42.11241212237769,-86.46857712417841,25,71]
[27,42.112494696728504,-86.46867536008358,85,76,28,22]
[28,42.112491214679736,-86.46866496652365,27,70,29,22]
[29,42.11249892493032,-86.46864786744118,28,77,30,22]
[30,42.112502406978656,-86.46862909197807,29,73,31,22]
[31,42.11250663517996,-86.46859791129827,30,71,74,32,22]
[32,42.11260587347066,-86.46861232817173,31,74,33,38]
[33,42.11259940681986,-86.46864853799343,32,72,34,38]
[34,42.11259667092894,-86.46866999566555,33,79,37,38]
[35,42.11273222174628,-86.4686981588602,79,78]
[36,42.11256806842587,-86.46880310028791,84,80,38]
[37,42.1125872196685,-86.46869882941246,34,75,84,38]
[38,42.1125616017712,-86.46883260458708,36,66,39,84,37,34,33,32]
[39,42.11255389152825,-86.46885339170694,0,38,41,63,21]
[40,42.112466840333035,-86.46882556378841,0,21,22,67]
[41,42.11259219401627,-86.46887216717005,39,65,64]
[42,42.112499422365815,-86.4689938724041,1,16,2,0]
[43,42.112416599303074,-86.4689177647233,16,17,67,21,60,19,18]
[44,42.112533496687526,-86.46898247301579,1]
[45,42.11253100951137,-86.4691373705864,2]
[46,42.11250663517996,-86.46920341998339,82]
[47,42.11249892493032,-86.4692734926939,4]
[48,42.11239794544521,-86.4692835509777,4,5,6]
[49,42.11244246597695,-86.46920341998339,82]
[50,42.112387748000586,-86.4691886678338,12]
[51,42.11239197620952,-86.46916452795267,13]
[52,42.11242256853645,-86.4691373705864,3,14]
[53,42.11240291980785,-86.46910015493631,83,54]
[54,42.11243649674546,-86.46910686045885,53]
[55,42.11222632969505,-86.46921280771494,8,9,10]
[56,42.11225717082061,-86.46910015493631,14,11,57]
[57,42.112272342659146,-86.46903578191996,56,15,58]
[58,42.11229945298453,-86.46889831870794,57,17]
[59,42.112383519791344,-86.46896872669458,16]
[60,42.11235864796663,-86.46886613219976,17,43,20,18,19]
[61,42.112392224927675,-86.46882321685553,18]
[62,42.11241063006917,-86.46882522851229,19]
[63,42.112581001733204,-86.46895833313465,0,39]
[64,42.112600899123954,-86.46889261901379,41]
[65,42.112625273419134,-86.46888021379709,41]
[66,42.112581001733204,-86.46883126348257,38]
[67,42.11246808392239,-86.46893788129091,0,43,40,21]
[68,42.112506137744546,-86.46876689046621,22]
[69,42.1123618813044,-86.468705534935,20,24]
[70,42.11243425828349,-86.46865155547857,25,28]
[71,42.112447937771975,-86.46858349442482,26,31]
[72,42.112580753015784,-86.46864350885153,33]
[73,42.112524294135284,-86.46862875670195,30]
[74,42.1125407094978,-86.46855734288692,31,32]
[75,42.11256831714334,-86.46869245916605,37]
[76,42.11251036594559,-86.46868005394936,27]
[77,42.11252106080581,-86.46866161376238,29]
[78,42.11274341400263,-86.46863881498575,35]
[79,42.112713070547464,-86.46869212388992,34,35]
[80,42.11262800930881,-86.46881215274334,36]
[81,42.11253125822899,-86.46871358156204,85,84]
[82,42.112470073665285,-86.4691973850131,3,46,49,4,0]
[83,42.112379789018256,-86.46909646689892,14,53,15,16]
[84,42.11258771710328,-86.46870788186789,37,81,36,38]
[85,42.11249021980864,-86.46868944168091,23,81,27,22]