[0,42.1125135992756,-86.46850906312466,34]
[1,42.112621791377535,-86.46849900484085,34,72,71,56,35]
[2,42.11252703002934,-86.46843831986189,35,36,37]
[3,42.11254021206264,-86.46839808672667,36]
[4,42.112532253099445,-86.46837562322617,37]
[5,42.11253424284036,-86.46835081279278,66]
[6,42.11255289665812,-86.46829783916473,58,57]
[7,42.11254344539115,-86.46823447197676,39]
[8,42.112480519814476,-86.46824955940247,38,39,40]
[9,42.11252901977038,-86.46815668791533,73]
[10,42.11260139655864,-86.4683809876442,62,56,61,65]
[11,42.11264964770491,-86.46839372813702,63]
[12,42.11266506816657,-86.46839641034603,64]
[13,42.11265561691633,-86.46835785359144,70]
[14,42.11264641438183,-86.4683149382472,60]
[15,42.112623781115595,-86.46827034652233,59]
[16,42.11260537603601,-86.46813958883286,55]
[17,42.11267228096189,-86.46820228546858,69,67]
[18,42.11263124263284,-86.46810103207827,68]
[19,42.11262577085361,-86.46805912256241,68]
[20,42.112597914515746,-86.46793574094772,67,52,53,21]
[21,42.11253822232193,-86.4678955078125,20,53,74]
[22,42.11256408894616,-86.46800380200148,52,54]
[23,42.11259343760315,-86.46777413785458,75]
[24,42.112518324911505,-86.4680128544569,42,27]
[25,42.112520314652826,-86.4681013673544,41,26]
[26,42.112552150505515,-86.46809332072735,25]
[27,42.11253697873396,-86.46800547838211,24]
[28,42.11252628387643,-86.46794579923153,51]
[29,42.11241759417536,-86.46797060966492,43,44]
[30,42.112430776231406,-86.46791964769363,45,48,50]
[31,42.11243649674546,-86.46786969155073,49]
[32,42.11234695820562,-86.46787941455841,47]
[33,42.11239396595481,-86.4678267762065,46]
[34,42.112539465909876,-86.4684845879674,0,35,56,1,72]
[35,42.112541704368134,-86.46846547722816,34,1,56,2,36]
[36,42.11251981721751,-86.4684135094285,37,2,3,35]
[37,42.11251136081638,-86.46838635206223,38,36,4,2]
[38,42.11249967108356,-86.46833840757608,57,37,39,8]
[39,42.112481763403544,-86.46824922412634,38,8,7,40]
[40,42.112471068536706,-86.4681338891387,8,39,73,41]
[41,42.112471565972406,-86.46811410784721,40,25,42]
[42,42.1124740531509,-86.46802056580782,41,24,43]
[43,42.112477286482765,-86.46799139678478,42,29,50,51]
[44,42.112382773636725,-86.46795015782118,29,45]
[45,42.112392722364014,-86.46791394799948,44,30,46,47,48,50]
[46,42.11240515827091,-86.4678693562746,45,33]
[47,42.11236685566986,-86.46790120750666,45,32]
[48,42.112449430079636,-86.46790958940983,45,49,50,30]
[49,42.11245291213069,-86.46789215505123,31,48]
[50,42.11247280956168,-86.46795988082886,43,45,48,30]
[51,42.11253623258117,-86.46797630935907,43,28,52]
[52,42.11255239922306,-86.4679642394185,51,20,22,53]
[53,42.112560855618696,-86.46791394799948,52,20,21]
[54,42.11258846325548,-86.46804537624121,22,55]
[55,42.11259070171198,-86.4680939912796,54,16]
[56,42.11257851455893,-86.46843362599611,34,1,35,62,10,65]
[57,42.11252727874699,-86.46832700818777,58,6,38]
[58,42.112607117057294,-86.46829281002283,59,6,57]
[59,42.11261383242459,-86.46829348057508,60,58,15]
[60,42.11262427855012,-86.46833203732967,61,66,14,59]
[61,42.11262303496383,-86.46837159991264,62,60,10,65]
[62,42.112629252894976,-86.468412168324,63,61,10,56,65]
[63,42.11265114000781,-86.46841451525688,64,11,62]
[64,42.11266730662037,-86.4684171974659,63,12]
[65,42.11257304277515,-86.46837797015905,62,56,61,10,66]
[66,42.11256458638115,-86.46835416555405,65,60,5]
[67,42.11265611435058,-86.4680664986372,17,68,20]
[68,42.11263721184598,-86.46807990968227,67,18,19]
[69,42.112694416776826,-86.46832197904587,71,70,17]
[70,42.112672032244824,-86.46833639591932,69,13]
[71,42.11268770141805,-86.46844200789928,1,72,69]
[72,42.11266158612719,-86.46848391741514,34,1,71]
[73,42.11250464543821,-86.46812919527292,40,9]
[74,42.112547176154585,-86.46785862743855,21,75]
[75,42.11257005816564,-86.46786332130432,74,23]