[0,42.11254941461256,-86.46892178803682,45]
[1,42.1125688145783,-86.46887350827456,46]
[2,42.112523050547054,-86.46882187575102,97]
[3,42.11253200438185,-86.46896805614233,48]
[4,42.11246932751168,-86.46897744387388,50]
[5,42.11250340184957,-86.46901432424784,51]
[6,42.11248474801723,-86.46908305585384,54]
[7,42.11244495315656,-86.46921582520008,56]
[8,42.11243226853947,-86.46928757429123,57]
[9,42.11235243000892,-86.4692946150899,57]
[10,42.112339745373305,-86.46923258900642,13]
[11,42.112357653093426,-86.46924164146185,14]
[12,42.11237605824495,-86.46924767643213,15]
[13,42.112350191544,-86.46919000893831,10,14,15,56]
[14,42.1123666069516,-86.46919369697571,11,13,56,15]
[15,42.112384265945934,-86.46920174360275,12,13,56,14]
[16,42.1123666069516,-86.46916687488556,60]
[17,42.11237755055431,-86.46913502365351,55,58]
[18,42.112382773636725,-86.46908070892096,68]
[19,42.11219325008398,-86.46923862397671,62,20,63]
[20,42.11221837069247,-86.4691249653697,62,19,63]
[21,42.112323329958755,-86.46908573806286,65]
[22,42.112327806890406,-86.46905891597271,70]
[23,42.11226040416357,-86.46901197731495,64,70,69,72]
[24,42.112355912065304,-86.46894928067923,71]
[25,42.11229895554748,-86.4688714966178,72,73,74,75,76]
[26,42.11239520954558,-86.46900996565819,53]
[27,42.11241137622343,-86.46901398897171,52]
[28,42.11239819416334,-86.46894626319408,75]
[29,42.11241883776565,-86.46895129233599,76]
[30,42.11234845051567,-86.4688503742218,73,75,74,77,78,79,80]
[31,42.1123591454032,-86.46878063678741,78]
[32,42.112396701854486,-86.46879639476538,79]
[33,42.112369591570705,-86.46867468953133,84,34,35,85]
[34,42.11238824543692,-86.46860763430595,33,35,86]
[35,42.112401924935355,-86.46853756159544,33,34,89]
[36,42.11252081208814,-86.46854694932699,128,90,91]
[37,42.11250986851017,-86.46860763430595,88,92]
[38,42.112500914672246,-86.46864149719477,87]
[39,42.11250539159138,-86.46868072450161,94]
[40,42.112481017250126,-86.46874643862247,95,41]
[41,42.11246733776876,-86.46879337728024,40]
[42,42.11265089129068,-86.46860998123884,91]
[43,42.112635968259966,-86.46868776530027,93]
[44,42.11258025558092,-86.46881818771362,96]
[45,42.11252752746461,-86.46888691931963,0,46]
[46,42.11253125822899,-86.46886110305786,1,45,47]
[47,42.112499422365815,-86.46884802728891,46,48,80,81,97,96,95,94,93,92]
[48,42.112477286482765,-86.46895196288824,3,74,75,76,49,47]
[49,42.11245937879646,-86.4689439162612,50,74,75,76,48]
[50,42.11245291213069,-86.46896906197071,4,57,56,54,55,51,49]
[51,42.112447191618145,-86.46899119019508,5,57,56,54,55,50,52,53,71]
[52,42.11241734545729,-86.46897811442614,27,51,53,71]
[53,42.112406401861456,-86.46897308528423,26,51,52,71]
[54,42.11243376084751,-86.469064950943,6,57,56,55,51,50]
[55,42.11241610186695,-86.4691524580121,57,56,54,50,51,17,58]
[56,42.11240366596221,-86.46920643746853,7,13,14,15,57,55,54,51,50]
[57,42.11239098133685,-86.4692785218358,8,9,56,55,54,51,50]
[58,42.11234148640187,-86.46912664175034,55,17,59,66,67]
[59,42.112328801764065,-86.4691286534071,58,60,61,66]
[60,42.11232357867719,-86.4691474288702,16,59,61]
[61,42.11229373245811,-86.46929528564215,59,60,62]
[62,42.11219399624081,-86.46926209330559,61,19,20,63]
[63,42.112227822007924,-86.46907467395067,62,19,20,64,65,66]
[64,42.11224622719715,-86.46908171474934,63,66,64,23]
[65,42.112316863279126,-86.4691075310111,63,21,66,64]
[66,42.11232929920091,-86.46911256015301,58,59,63,65,64]
[67,42.11234695820562,-86.46909546107054,58,68,69,71]
[68,42.11236262745922,-86.46909981966019,18,67]
[69,42.11235392231882,-86.46904852241278,70,23,67,71]
[70,42.11233178638498,-86.46904181689024,22,69,23]
[71,42.11237431721733,-86.46896034479141,67,24,69,51,52,53,74]
[72,42.11228850936834,-86.4688691496849,23,25,73,74,75,76]
[73,42.11231164019126,-86.46887987852097,72,25,74,75,76,30,77,83,84]
[74,42.112385758255094,-86.46890871226788,72,25,71,73,75,76,49,48,79,80,30,77]
[75,42.112404163398445,-86.46891675889492,72,25,73,74,76,49,48,28,79,80,30,77]
[76,42.11243003007738,-86.46892346441746,72,25,73,74,75,49,48,29]
[77,42.112330294074546,-86.46880343556404,73,75,74,30,78,79,80,83,84]
[78,42.11235466847376,-86.4688091352582,31,30,77,79,80]
[79,42.11239123005503,-86.46882489323616,32,75,74,30,77,78,80]
[80,42.112420330074,-86.46883729845285,75,74,30,77,78,79,81,47]
[81,42.11243102494941,-86.46880343556404,80,82,47]
[82,42.11243475571949,-86.46877527236938,83,81,85,86,87,88,89,90]
[83,42.11233825306308,-86.46874040365219,73,77,82,84]
[84,42.11235417103715,-86.46867100149393,73,77,83,33,85]
[85,42.11244545059249,-86.46870352327824,84,82,33,86,87,88,89,90]
[86,42.11245888136063,-86.4686344563961,82,85,34,87,88,89,90]
[87,42.11246485059004,-86.46862473338842,82,85,86,38,88,89,90]
[88,42.11247206340813,-86.46858885884285,82,85,86,87,89,90,37,92]
[89,42.11247554545795,-86.46856471896172,82,85,86,87,35,88,90]
[90,42.11248350442823,-86.46852683275938,82,85,86,87,88,89,36]
[91,42.11255463768083,-86.46857678890228,36,94,93,92,42]
[92,42.11254543513167,-86.46861635148525,47,88,37,97,96,95,94,93,91]
[93,42.11254021206264,-86.46865323185921,47,97,96,95,94,43,92,91]
[94,42.112532501817064,-86.46868910640478,47,97,96,95,39,93,92,91]
[95,42.11251658388781,-86.46875984966755,47,97,96,40,94,93,92]
[96,42.11251086338098,-86.4687917008996,47,97,44,95,94,93,92]
[97,42.11250514287365,-86.46881550550461,2,47,96,95,94,93,92]
[98,42.1125332479699,-86.46842826157808,133]
[99,42.11252404541764,-86.46840311586857,134]
[100,42.11251658388781,-86.46838165819645,135]
[101,42.11252404541764,-86.46836053580046,162]
[102,42.11254220180327,-86.4683062210679,139,165]
[103,42.112535237710766,-86.46823648363352,140]
[104,42.11252106080581,-86.46816037595272,141]
[105,42.11251782747616,-86.46808359771967,143]
[106,42.112539714627474,-86.46809231489897,143]
[107,42.112508873639364,-86.46803062409163,145]
[108,42.11252703002934,-86.46801017224789,145]
[109,42.11251509158173,-86.46794144064188,151]
[110,42.11249171211528,-86.46794613450766,147]
[111,42.11242107622816,-86.46791897714138,112,147,149]
[112,42.11243201982147,-86.46787069737911,111]
[113,42.11238799671874,-86.46783113479614,150]
[114,42.112336760752804,-86.46788779646158,149]
[115,42.112541704368134,-86.46790824830532,152,117,153]
[116,42.11257428636241,-86.46798435598612,155]
[117,42.11257950942865,-86.46793272346258,157,151,152,115]
[118,42.112611593968914,-86.46806549280882,166]
[119,42.11261631959749,-86.4681077376008,166]
[120,42.112591199146756,-86.46814830601215,121,156]
[121,42.11260065040661,-86.46820295602083,120,156]
[122,42.11265835280469,-86.4682063087821,159,158]
[123,42.112630496481145,-86.4683286845684,164]
[124,42.112643678492915,-86.46836824715137,160]
[125,42.112576276101976,-86.46839406341314,131,163]
[126,42.112608858078524,-86.46826799958944,165]
[127,42.11258697095108,-86.46847955882549,129,161,130,132]
[128,42.11251658388781,-86.46852817386389,129,36]
[129,42.11253797360436,-86.46850604563951,128,127,130,132,133]
[130,42.11256359151117,-86.46844938397408,129,127,131,132]
[131,42.11256135305371,-86.46842993795872,130,125,162]
[132,42.112524294135284,-86.46846916526556,129,127,130,133,134,135]
[133,42.11251136081638,-86.46844234317541,98,129,132,134,135]
[134,42.11250190954319,-86.46841619163752,99,132,133,135]
[135,42.11249693518834,-86.46839406341314,100,132,133,134,136]
[136,42.11248250955699,-86.46834410727024,135,139,137]
[137,42.112465845461536,-86.46825324743986,140,136,138]
[138,42.11245788648903,-86.46813690662384,141,137,142,144]
[139,42.11250986851017,-86.46833371371031,102,136]
[140,42.11249444801076,-86.46824553608894,103,137]
[141,42.112484499299455,-86.46813288331032,104,138]
[142,42.112459876232236,-86.46811578422785,143,138,144]
[143,42.112520563370495,-86.46810036152601,105,106,142]
[144,42.112463109564835,-86.46802224218845,145,138,142,146]
[145,42.11250688389769,-86.46801352500916,107,108,144]
[146,42.112460373668036,-86.46799173206091,147,148,144,151]
[147,42.11246186597541,-86.46793607622385,110,111,146,149]
[148,42.1123666069516,-86.46795518696308,150,149,146]
[149,42.112380783891105,-86.46790321916342,150,114,111,147,148]
[150,42.11238998646416,-86.46786399185658,113,149,148]
[151,42.112512355687166,-86.46798636764288,109,146,152,117]
[152,42.11254916589501,-86.46795552223921,155,151,115,117]
[153,42.11251210696947,-86.46786097437143,154,115]
[154,42.11255687613853,-86.4678629860282,153]
[155,42.11255463768083,-86.46799508482218,156,152,116]
[156,42.112578763276346,-86.46806515753269,121,120,155]
[157,42.11262999904669,-86.46803364157677,158,117]
[158,42.112636465694365,-86.46807689219713,122,166,157]
[159,42.11267427069837,-86.46833304315805,161,160,122]
[160,42.112654622047785,-86.46834310144186,159,124]
[161,42.1126645707324,-86.46846782416105,127,159]
[162,42.11254841974235,-86.46835885941982,101,131,163]
[163,42.11260537603601,-86.46834880113602,125,163,164,165]
[164,42.1126036350147,-86.46833069622517,163,123,165]
[165,42.11259691964631,-86.46829448640347,102,163,164,126]
[166,42.11262154266027,-86.4680839329958,119,118,158]