[0,42.11254618128436,-86.4689177647233,47]
[1,42.11256558125107,-86.46887417882681,48]
[2,42.11252479157058,-86.46881986409426,106]
[3,42.11253026335851,-86.46896570920944,50]
[4,42.112491960833054,-86.46902471780777,54]
[5,42.11244221725897,-86.46921649575233,58]
[6,42.11242928392332,-86.46928790956736,60]
[7,42.11234422230381,-86.46928422152996,60,61,62,63,64]
[8,42.11237605824495,-86.46924398839474,61]
[9,42.11235093769898,-86.46923862397671,62]
[10,42.112333029976945,-86.46922755986452,63]
[11,42.112380783891105,-86.46920878440142,58]
[12,42.112348947952334,-86.46919704973698,65,67]
[13,42.112368596697685,-86.4691685512662,70]
[14,42.112377799272515,-86.46913670003414,68,69,19,71,57]
[15,42.112368596697685,-86.46909143775702,16,72]
[16,42.11239844288149,-86.46910417824984,15]
[17,42.11231338122058,-86.46915815770626,66]
[18,42.11231537096834,-86.46913569420576,69]
[19,42.11224647591587,-86.46908171474934,68,69,74,78,21,71,14,57]
[20,42.11228353499672,-86.4690213650465,73,74]
[21,42.11228950424261,-86.46887116134167,19,74,78,80,79]
[22,42.11239769672706,-86.46900862455368,77]
[23,42.112412619813874,-86.46900862455368,56]
[24,42.11235864796663,-86.46895062178373,76]
[25,42.11239769672706,-86.4689452573657,28]
[26,42.11241734545729,-86.46895565092564,52]
[27,42.11243973007925,-86.46896068006754,53]
[28,42.11240341724408,-86.4689140766859,25,51,52,79,84]
[29,42.11234720692398,-86.46884601563215,80,81,82,83,79,84]
[30,42.112357901811734,-86.46878264844418,82]
[31,42.11239744800893,-86.46879505366087,83]
[32,42.112465348025786,-86.4688228815794,49,85]
[33,42.11248027109668,-86.46875381469727,89]
[34,42.11237481465379,-86.46867703646421,88,90,94,95]
[35,42.112407645452,-86.46861735731363,94,93]
[36,42.112421573664264,-86.46854661405087,95,97]
[37,42.11248599160625,-86.46869916468859,91,104]
[38,42.11248126596794,-86.46866396069527,92]
[39,42.11251210696947,-86.46867636591196,103]
[40,42.112495194164026,-86.46864015609026,93,
[41,42.11249171211528,-86.46859992295504,96]
[42,42.112521558241134,-86.46860964596272,100]
[43,42.11251111209868,-86.46854426711798,98,99]
[44,42.112659098956044,-86.46863244473934,102]
[45,42.11262005035666,-86.46868541836739,102,101]
[46,42.112573291492616,-86.46881483495235,105]
[47,42.11252628387643,-86.4688902720809,0,48]
[48,42.112529268488004,-86.46886143833399,1,47,49]
[49,42.11249842749483,-86.46884266287088,48,50,32,85,106,105,104,103,101,100]
[50,42.112476789047115,-86.46894693374634,3,51,49]
[51,42.11245838392483,-86.46893687546253,53,50,52,28,79]
[52,42.11242729417913,-86.4689264819026,26,51,28,79]
[53,42.11245166854106,-86.46896839141846,54,27,60,59,58,57,55,51]
[54,42.11247032238313,-86.46897576749325,4,53]
[55,42.112445948028395,-86.46898716688156,60,56,59,58,57,53]
[56,42.112418091611495,-86.46897979080677,23,55]
[57,42.11241610186695,-86.4691524580121,60,68,69,19,71,14,59,58,55,53]
[58,42.112405904425245,-86.46920811384916,5,11,60,59,57,55,53]
[59,42.11239744800893,-86.46925237029791,60,58,57,55,53]
[60,42.112389737746,-86.46927382797003,6,7,61,59,58,57,55,53]
[61,42.11237207875317,-86.469268463552,8,7,60,62,63,64]
[62,42.112348947952334,-86.46926008164883,9,7,61,63,64]
[63,42.1123290504825,-86.4692510291934,10,7,61,62,64]
[64,42.11231139147278,-86.46924633532763,7,61,62,63,65,70,71,72,73,75,76,79]
[65,42.11232283252186,-86.46919067949057,12,64,66,67,70,71,72,73,75,76,79]
[66,42.11230790941393,-86.46918162703514,65,17,67]
[67,42.11221165528323,-86.46914508193731,65,66,68,12]
[68,42.1122255835386,-86.46907333284616,67,19,69,71,14,57]
[69,42.11231984790057,-86.46911222487688,18,68,19,71,14,57]
[70,42.112332035103364,-86.46915379911661,13,64,65,71,72,73,75,76,79]
[71,42.112339745373305,-86.4691199362278,64,65,70,68,69,19,72,73,75,76,79,14,57]
[72,42.11234695820562,-86.46909076720476,64,65,70,15,71,73,75,76,79]
[73,42.112351683853944,-86.46904818713665,64,65,70,71,72,20,74,75,76,79]
[74,42.112260155444886,-86.46901298314333,19,20,73,78,21]
[75,42.112368596697685,-86.46897912025452,64,65,70,71,72,73,78,76,79]
[76,42.112373322344375,-86.46896168589592,64,65,70,71,72,73,24,75,77,79]
[77,42.11240316852598,-86.4689714089036,22,76]
[78,42.112274332408205,-86.46894156932831,19,74,75,21]
[79,42.112384514664114,-86.46890871226788,64,65,70,71,72,73,75,76,21,51,52,28,80,29,83,84]
[80,42.11231213762821,-86.46888189017773,21,79,81,87,88,82,29]
[81,42.11232531970619,-86.46880377084017,80,87,88,82,29,83,84]
[82,42.11235417103715,-86.46881517022848,30,80,81,83,84,29]
[83,42.11239073261867,-86.46882623434067,31,81,82,29,84,79]
[84,42.11242231981842,-86.46883796900511,81,82,83,29,79,85,28]
[85,42.11242978135935,-86.4688128232956,84,32,49,86]
[86,42.11243450700149,-86.46877359598875,85,87,89,90,91,92,93,96,97,98]
[87,42.11233825306308,-86.46873939782381,80,81,86,88]
[88,42.11235267872723,-86.46866865456104,80,81,87,34,90]
[89,42.11243973007925,-86.46874040365219,86,33,90,91,92,93,96,97,98]
[90,42.1124469429002,-86.46870385855436,86,89,88,34,91,92,93,96,97,98]
[91,42.11245092238726,-86.46868139505386,86,89,90,92,93,96,97,98,37,104]
[92,42.112457389053205,-86.46865725517273,86,89,90,91,38,93,96,97,98]
[93,42.112460373668036,-86.46863210946321,86,89,90,91,92,94,35,96,97,98,40]
[94,42.112385758255094,-86.46860729902983,34,93,95,35]
[95,42.112402173653486,-86.46853655576706,34,94,36,97]
[96,42.11247131725455,-86.46859187632799,86,89,90,91,92,93,41,97,98]
[97,42.112475296740094,-86.4685657247901,86,89,90,91,92,93,95,96,36,98]
[98,42.1124807685323,-86.46853387355804,86,89,90,91,92,93,96,97,43]
[99,42.11255712485607,-86.46857813000679,143,144,43,101,100,142]
[100,42.11254792230724,-86.46861970424652,49,106,105,104,103,101,42,99]
[101,42.11253822232193,-86.46865323185921,49,106,105,104,103,102,45,100,99]
[102,42.112645668230314,-86.46869346499443,44,45,101]
[103,42.112530760793746,-86.46868608891964,49,106,105,104,39,101,100]
[104,42.11252628387643,-86.46871492266655,49,106,105,91,37,103,101,100]
[105,42.11251136081638,-86.46879069507122,49,106,46,104,103,101,100]
[106,42.1125056403091,-86.46881718188524,2,49,105,104,103,101,100]
[107,42.1125332479699,-86.4684272557497,141]
[108,42.11258547864668,-86.46841954439878,140]
[109,42.11258448377704,-86.46837931126356,139]
[110,42.11265536819919,-86.46840915083885,144,111,124]
[111,42.112639450300776,-86.4683149382472,135,110,124,132,112,131]
[112,42.11256682483848,-86.46826062351465,135,111,132,133,131,134]
[113,42.11246758648664,-86.46816942840815,134,131,133,132]
[114,42.11253648129876,-86.46806381642818,126,116,127,128,129]
[115,42.11263547082554,-86.4681013673544,130]
[116,42.11246808392239,-86.46801017224789,126,114,127,128,129]
[117,42.11248972237307,-86.46794479340315,125]
[118,42.11250837620394,-86.46790724247694,119]
[119,42.112529517205644,-86.46788377314806,120,118]
[120,42.11254444026142,-86.46788880228996,121,119,125]
[121,42.11257503251476,-86.46790657192469,122,120]
[122,42.11260686833995,-86.46796088665724,123,121]
[123,42.11263671441158,-86.46803364157677,124,122]
[124,42.1126645707324,-86.4681302011013,110,111,132,123]
[125,42.11252553772351,-86.46795954555273,120,117,126]
[126,42.11252553772351,-86.46798569709063,125,114,116,127,128,129]
[127,42.11250340184957,-86.46813791245222,131,126,116,114,129,128]
[128,42.11258249403773,-86.46812953054905,126,116,114,129,127]
[129,42.11260015297191,-86.46806515753269,130,126,116,114,127,128]
[130,42.112627263157094,-86.46805878728628,115,129]
[131,42.11250340184957,-86.46816574037075,111,112,134,113,132,133,127]
[132,42.1125872196685,-86.46816071122885,111,112,113,131,133,124]
[133,42.11250365056732,-86.46820932626724,137,136,135,112,134,113,131,132]
[134,42.11248474801723,-86.46826062351465,136,135,112,133,131,113]
[135,42.11248773263078,-86.46833371371031,137,136,134,133,111,112]
[136,42.112501660825465,-86.46840546280146,141,142,137,135,134,133]
[137,42.112542947956,-86.46839540451765,138,136,135,133]
[138,42.11255588126845,-86.46840076893568,139,140,137]
[139,42.11255414024577,-86.46837797015905,109,140,138]
[140,42.11255936331366,-86.46842792630196,108,139,138]
[141,42.11251558901709,-86.46844301372766,107,142,136]
[142,42.112543942826285,-86.46850001066923,141,143,136,99]
[143,42.11265089129068,-86.46849229931831,99,142,144]
[144,42.11265934767316,-86.46844804286957,99,143,110]